Solar8000/ART_DBP,Solar8000/ART_SBP,Solar8000/BT,Solar8000/HR,Solar8000/PLETH_SPO2,Solar8000/RR
,,,,,
,,,,,
,,,,,
-15.0,-15.0,,76.0,82.0,10.0
-15.0,-15.0,,75.0,82.0,9.0
-15.0,-15.0,,74.0,82.0,9.0
-15.0,-15.0,,74.0,86.0,0.0
-15.0,-15.0,,75.0,86.0,0.0
-15.0,-15.0,,75.0,,0.0
-15.0,-15.0,,73.0,,0.0
-15.0,-15.0,,71.0,,0.0
-15.0,-15.0,,71.0,,0.0
-15.0,-15.0,,71.0,,0.0
-15.0,-15.0,,71.0,,0.0
-15.0,-15.0,,73.0,,0.0
-15.0,-15.0,,74.0,,0.0
-15.0,-15.0,,74.0,88.0,0.0
-15.0,-15.0,,73.0,92.0,0.0
-15.0,-15.0,,74.0,97.0,0.0
-15.0,-15.0,,75.0,97.0,0.0
-15.0,-15.0,,76.0,97.0,0.0
-15.0,-15.0,,76.0,97.0,0.0
-15.0,-15.0,,78.0,97.0,0.0
-15.0,-15.0,,80.0,97.0,0.0
-15.0,-15.0,,81.0,97.0,0.0
-15.0,-15.0,,81.0,96.0,0.0
-15.0,-15.0,,81.0,97.0,0.0
-15.0,-15.0,,81.0,97.0,0.0
-15.0,-15.0,,82.0,96.0,5.0
-15.0,-15.0,,84.0,97.0,5.0
-15.0,-15.0,,86.0,97.0,5.0
-15.0,-15.0,,85.0,97.0,5.0
-15.0,-15.0,,83.0,97.0,5.0
-15.0,-15.0,,82.0,97.0,5.0
-15.0,-15.0,,84.0,,5.0
-15.0,-15.0,,86.0,,4.0
-15.0,-15.0,,88.0,,4.0
-15.0,-15.0,,86.0,,4.0
-15.0,-15.0,,82.0,,0.0
-15.0,-15.0,,81.0,98.0,0.0
-15.0,-15.0,,78.0,98.0,0.0
-15.0,-15.0,,77.0,98.0,0.0
-15.0,-15.0,,75.0,98.0,0.0
-15.0,-15.0,,75.0,98.0,0.0
-15.0,-15.0,,75.0,98.0,0.0
-15.0,-15.0,,75.0,98.0,0.0
-15.0,-15.0,,73.0,97.0,0.0
-15.0,-15.0,,72.0,97.0,0.0
-15.0,-15.0,,70.0,98.0,0.0
-15.0,-15.0,,70.0,98.0,0.0
-15.0,-15.0,,71.0,98.0,0.0
-15.0,-15.0,,72.0,98.0,0.0
-15.0,-15.0,,73.0,98.0,0.0
-15.0,-15.0,,73.0,98.0,0.0
-15.0,-15.0,,73.0,98.0,0.0
-15.0,-15.0,,74.0,98.0,0.0
-15.0,-15.0,,74.0,98.0,0.0
-15.0,-15.0,,74.0,98.0,0.0
-15.0,-15.0,,75.0,98.0,0.0
-15.0,-15.0,,77.0,98.0,0.0
-15.0,-15.0,,77.0,98.0,0.0
-15.0,-15.0,,77.0,98.0,0.0
-15.0,-15.0,,75.0,98.0,0.0
-15.0,-15.0,,75.0,98.0,0.0
-15.0,-15.0,,76.0,98.0,0.0
-15.0,-15.0,,76.0,98.0,0.0
-15.0,-15.0,,75.0,98.0,0.0
-15.0,-15.0,,75.0,98.0,0.0
-15.0,-15.0,,78.0,98.0,0.0
-15.0,-15.0,,81.0,98.0,0.0
-15.0,-15.0,,80.0,98.0,0.0
-15.0,-15.0,,78.0,98.0,0.0
-15.0,-15.0,,77.0,98.0,0.0
-15.0,-15.0,,76.0,98.0,0.0
-15.0,-15.0,,79.0,98.0,0.0
-15.0,-15.0,,80.0,98.0,0.0
-15.0,-15.0,,79.0,98.0,0.0
-15.0,-15.0,,76.0,98.0,0.0
-15.0,-15.0,,76.0,98.0,0.0
-16.0,-16.0,,75.0,98.0,0.0
-16.0,-16.0,,73.0,98.0,0.0
-15.0,-15.0,,74.0,98.0,0.0
-15.0,-15.0,,76.0,98.0,0.0
-15.0,-15.0,,80.0,98.0,0.0
-15.0,-15.0,,79.0,98.0,0.0
-15.0,-15.0,,81.0,98.0,0.0
-15.0,-15.0,,82.0,98.0,0.0
-15.0,-15.0,,82.0,98.0,0.0
-15.0,-15.0,,80.0,99.0,0.0
-15.0,-15.0,,77.0,99.0,0.0
-15.0,-15.0,,77.0,99.0,0.0
-15.0,-15.0,,77.0,99.0,0.0
-15.0,-15.0,,77.0,99.0,0.0
-15.0,-15.0,,77.0,99.0,0.0
-15.0,-15.0,,77.0,99.0,0.0
-15.0,-15.0,,77.0,99.0,0.0
-15.0,-15.0,,76.0,98.0,0.0
-15.0,-15.0,,76.0,98.0,0.0
-15.0,-15.0,,75.0,98.0,0.0
-15.0,-15.0,,75.0,98.0,0.0
-15.0,-15.0,,74.0,97.0,0.0
-15.0,-15.0,,74.0,97.0,0.0
-15.0,-15.0,,75.0,97.0,0.0
-15.0,-15.0,,75.0,97.0,0.0
-15.0,-15.0,,76.0,97.0,0.0
-15.0,-15.0,,76.0,97.0,0.0
-15.0,-15.0,,76.0,97.0,0.0
-15.0,-15.0,,78.0,97.0,0.0
-15.0,-15.0,,80.0,97.0,0.0
-15.0,-15.0,,83.0,97.0,0.0
-15.0,-15.0,,84.0,97.0,0.0
-15.0,-15.0,,84.0,97.0,0.0
-15.0,-15.0,,83.0,97.0,0.0
-15.0,-15.0,,82.0,97.0,0.0
-15.0,-15.0,,82.0,97.0,5.0
-15.0,-15.0,,84.0,97.0,5.0
-15.0,-15.0,,87.0,97.0,5.0
-17.0,-14.0,,89.0,97.0,5.0
-17.0,-14.0,,87.0,97.0,5.0
-15.0,-15.0,,84.0,97.0,5.0
-15.0,-15.0,,83.0,97.0,5.0
-15.0,-15.0,,82.0,97.0,4.0
-15.0,-15.0,,81.0,98.0,4.0
-15.0,-15.0,,80.0,98.0,4.0
-15.0,-15.0,,79.0,98.0,4.0
-15.0,-15.0,,77.0,98.0,4.0
-15.0,-15.0,,76.0,98.0,5.0
-15.0,-15.0,,75.0,98.0,5.0
-15.0,-15.0,,74.0,98.0,5.0
-15.0,-15.0,,73.0,98.0,5.0
-15.0,-15.0,,72.0,98.0,5.0
-15.0,-15.0,,71.0,97.0,5.0
-15.0,-15.0,,72.0,97.0,5.0
-15.0,-15.0,,73.0,98.0,6.0
-15.0,-15.0,,72.0,98.0,6.0
-15.0,-15.0,,73.0,98.0,6.0
-15.0,-15.0,,73.0,99.0,6.0
-15.0,-15.0,,73.0,99.0,6.0
-15.0,-15.0,,73.0,99.0,6.0
-15.0,-15.0,,71.0,100.0,8.0
-15.0,-15.0,,72.0,100.0,8.0
-15.0,-15.0,,75.0,100.0,8.0
-15.0,-15.0,,75.0,100.0,9.0
-16.0,-16.0,,74.0,100.0,9.0
-16.0,-16.0,,72.0,100.0,9.0
-16.0,-16.0,,72.0,100.0,9.0
-16.0,-16.0,,72.0,100.0,8.0
-16.0,-16.0,,73.0,100.0,8.0
-16.0,-16.0,,73.0,100.0,8.0
-16.0,-16.0,,74.0,100.0,8.0
-16.0,-16.0,,75.0,100.0,9.0
-16.0,-16.0,,75.0,100.0,9.0
-16.0,-16.0,,76.0,100.0,7.0
-16.0,-16.0,,76.0,100.0,7.0
-17.0,-15.0,,75.0,100.0,7.0
-17.0,-15.0,,73.0,100.0,7.0
-15.0,-15.0,,71.0,100.0,7.0
-15.0,-15.0,,69.0,100.0,7.0
-15.0,-15.0,,67.0,100.0,7.0
-22.0,-12.0,,67.0,100.0,7.0
-20.0,-13.0,,68.0,100.0,6.0
-19.0,-13.0,,70.0,100.0,6.0
-19.0,-13.0,,70.0,100.0,6.0
-15.0,-15.0,,69.0,100.0,7.0
-15.0,-15.0,,68.0,100.0,12.0
-15.0,-15.0,,68.0,100.0,12.0
-15.0,-15.0,,68.0,100.0,12.0
-15.0,-15.0,,68.0,100.0,15.0
-15.0,-15.0,,69.0,100.0,23.0
-42.0,19.0,,71.0,100.0,22.0
-42.0,19.0,,71.0,100.0,22.0
-50.0,9.0,,72.0,100.0,23.0
-57.0,46.0,,73.0,100.0,23.0
-56.0,64.0,,72.0,100.0,21.0
-16.0,46.0,,71.0,100.0,20.0
6.0,26.0,,70.0,100.0,20.0
-6.0,66.0,,69.0,100.0,20.0
,,,68.0,100.0,20.0
,,,68.0,100.0,20.0
,,,67.0,100.0,23.0
,,,67.0,100.0,23.0
,,,66.0,100.0,23.0
,,,66.0,100.0,21.0
,,,66.0,100.0,20.0
,,,67.0,100.0,21.0
,,,68.0,100.0,20.0
,,,68.0,100.0,20.0
,,,68.0,100.0,20.0
,,,68.0,100.0,23.0
,,,68.0,100.0,22.0
,,,68.0,100.0,22.0
,,,68.0,100.0,22.0
,,,67.0,100.0,22.0
,,,67.0,100.0,21.0
,,,67.0,100.0,21.0
,,,66.0,100.0,21.0
,,,67.0,100.0,21.0
,,,68.0,100.0,21.0
,,,68.0,100.0,21.0
,,,68.0,100.0,21.0
,,,68.0,100.0,21.0
,,,68.0,100.0,21.0
,,,67.0,100.0,21.0
,,,67.0,100.0,22.0
,,,66.0,100.0,20.0
,,,66.0,100.0,23.0
,,,66.0,100.0,24.0
21.0,117.0,,66.0,100.0,22.0
40.0,92.0,,66.0,100.0,22.0
46.0,87.0,,68.0,100.0,23.0
48.0,85.0,,69.0,100.0,19.0
47.0,84.0,,68.0,100.0,16.0
47.0,82.0,,67.0,100.0,14.0
46.0,81.0,,66.0,100.0,14.0
45.0,82.0,,66.0,100.0,12.0
39.0,86.0,,66.0,100.0,12.0
51.0,89.0,,71.0,100.0,10.0
54.0,90.0,,74.0,100.0,9.0
57.0,92.0,,78.0,100.0,10.0
63.0,98.0,,80.0,100.0,19.0
69.0,104.0,,84.0,100.0,59.0
75.0,113.0,,90.0,100.0,59.0
77.0,118.0,,94.0,100.0,36.0
81.0,123.0,,97.0,100.0,37.0
88.0,133.0,,101.0,100.0,56.0
94.0,143.0,,103.0,100.0,46.0
97.0,151.0,,107.0,100.0,41.0
96.0,153.0,,109.0,100.0,35.0
95.0,154.0,,110.0,100.0,33.0
93.0,153.0,,109.0,100.0,26.0
93.0,155.0,,109.0,100.0,21.0
91.0,152.0,,105.0,100.0,17.0
90.0,152.0,,102.0,100.0,17.0
88.0,147.0,,100.0,100.0,15.0
88.0,148.0,,98.0,100.0,15.0
89.0,146.0,,98.0,100.0,15.0
91.0,149.0,,99.0,100.0,14.0
90.0,146.0,,99.0,100.0,13.0
91.0,149.0,,100.0,100.0,13.0
91.0,146.0,,100.0,100.0,15.0
91.0,148.0,,100.0,100.0,15.0
89.0,143.0,,99.0,100.0,15.0
89.0,144.0,,98.0,100.0,15.0
89.0,141.0,,98.0,100.0,18.0
94.0,147.0,,99.0,100.0,18.0
95.0,149.0,,101.0,100.0,18.0
87.0,152.0,,103.0,100.0,18.0
87.0,160.0,,104.0,100.0,19.0
92.0,154.0,,103.0,100.0,19.0
81.0,146.0,,101.0,100.0,19.0
86.0,149.0,,100.0,100.0,16.0
83.0,134.0,,97.0,100.0,16.0
80.0,140.0,,95.0,100.0,15.0
81.0,140.0,,93.0,100.0,14.0
73.0,140.0,,93.0,100.0,14.0
79.0,135.0,,92.0,100.0,15.0
85.0,138.0,,93.0,100.0,15.0
85.0,130.0,,95.0,100.0,14.0
72.0,139.0,,96.0,100.0,14.0
80.0,130.0,,96.0,100.0,14.0
79.0,140.0,,95.0,100.0,14.0
71.0,148.0,,93.0,100.0,13.0
80.0,135.0,,93.0,100.0,12.0
82.0,131.0,,93.0,100.0,12.0
82.0,130.0,,94.0,100.0,12.0
70.0,134.0,,95.0,100.0,11.0
77.0,133.0,,95.0,100.0,11.0
77.0,133.0,,94.0,100.0,12.0
,,,93.0,100.0,12.0
,,,92.0,100.0,11.0
,,,90.0,100.0,11.0
,,,90.0,100.0,15.0
,,,90.0,100.0,15.0
,,,90.0,100.0,15.0
,,,89.0,100.0,15.0
,,,89.0,100.0,15.0
,,,89.0,100.0,15.0
,,,89.0,100.0,15.0
,,,89.0,100.0,14.0
,,,89.0,100.0,14.0
61.0,105.0,,89.0,100.0,14.0
56.0,101.0,,90.0,100.0,15.0
23.0,103.0,,89.0,100.0,15.0
,,,89.0,100.0,14.0
,,,89.0,100.0,14.0
,,,89.0,100.0,14.0
,,,89.0,100.0,14.0
,,,89.0,100.0,14.0
,,,89.0,100.0,14.0
,,,89.0,100.0,14.0
,,,89.0,100.0,14.0
,,,88.0,100.0,14.0
,,,88.0,100.0,15.0
,,,88.0,100.0,14.0
,,,87.0,100.0,14.0
,,,86.0,100.0,14.0
,,,86.0,100.0,14.0
53.0,87.0,,86.0,100.0,15.0
54.0,89.0,,86.0,100.0,15.0
53.0,87.0,,87.0,100.0,14.0
54.0,89.0,,87.0,100.0,14.0
53.0,87.0,,87.0,100.0,15.0
54.0,90.0,,87.0,100.0,15.0
53.0,88.0,,87.0,100.0,15.0
54.0,90.0,,87.0,100.0,15.0
53.0,88.0,,86.0,100.0,15.0
54.0,90.0,,86.0,100.0,15.0
53.0,88.0,,86.0,100.0,15.0
54.0,90.0,,86.0,100.0,15.0
53.0,88.0,,86.0,100.0,15.0
53.0,90.0,,86.0,100.0,15.0
52.0,87.0,,86.0,100.0,15.0
53.0,89.0,,85.0,100.0,15.0
52.0,87.0,,85.0,100.0,15.0
53.0,89.0,,85.0,100.0,14.0
51.0,87.0,,84.0,100.0,14.0
52.0,89.0,,83.0,100.0,14.0
53.0,88.0,,82.0,100.0,14.0
56.0,92.0,,81.0,100.0,14.0
56.0,91.0,,81.0,100.0,14.0
56.0,93.0,,80.0,100.0,15.0
55.0,91.0,,79.0,100.0,14.0
55.0,92.0,,78.0,100.0,14.0
53.0,90.0,,78.0,100.0,15.0
53.0,90.0,,78.0,100.0,15.0
53.0,87.0,,78.0,100.0,15.0
53.0,90.0,,77.0,100.0,15.0
53.0,88.0,,77.0,100.0,14.0
53.0,89.0,,76.0,100.0,14.0
52.0,87.0,,76.0,100.0,14.0
53.0,89.0,,75.0,100.0,14.0
54.0,88.0,,75.0,100.0,14.0
54.0,90.0,,77.0,100.0,14.0
54.0,89.0,,78.0,100.0,15.0
54.0,90.0,32.8,78.0,100.0,15.0
53.0,88.0,33.0,78.0,100.0,15.0
54.0,90.0,33.2,78.0,100.0,15.0
53.0,87.0,33.3,78.0,100.0,15.0
53.0,89.0,33.5,78.0,100.0,14.0
52.0,87.0,33.600002,79.0,100.0,14.0
53.0,89.0,33.8,78.0,100.0,14.0
51.0,86.0,33.9,78.0,100.0,15.0
52.0,88.0,34.0,77.0,100.0,15.0
52.0,86.0,34.100002,77.0,100.0,14.0
53.0,88.0,34.2,78.0,100.0,14.0
52.0,86.0,34.3,78.0,100.0,14.0
53.0,88.0,34.4,78.0,100.0,14.0
53.0,86.0,34.5,78.0,100.0,14.0
54.0,89.0,34.600002,78.0,100.0,14.0
53.0,86.0,34.600002,78.0,100.0,14.0
53.0,88.0,34.7,77.0,100.0,14.0
52.0,86.0,34.8,77.0,100.0,14.0
52.0,87.0,34.8,77.0,100.0,14.0
51.0,85.0,34.9,76.0,100.0,15.0
53.0,86.0,34.9,76.0,100.0,15.0
52.0,85.0,35.0,77.0,100.0,14.0
54.0,87.0,35.0,77.0,100.0,14.0
54.0,85.0,35.100002,78.0,100.0,14.0
54.0,88.0,35.100002,77.0,100.0,14.0
53.0,85.0,35.2,77.0,100.0,14.0
54.0,87.0,35.2,76.0,100.0,14.0
53.0,84.0,35.2,75.0,100.0,14.0
53.0,86.0,35.3,75.0,100.0,14.0
53.0,84.0,35.3,75.0,100.0,15.0
54.0,86.0,35.4,75.0,100.0,15.0
53.0,84.0,35.4,75.0,100.0,15.0
53.0,85.0,35.4,75.0,100.0,15.0
53.0,83.0,35.4,75.0,100.0,15.0
54.0,85.0,35.5,75.0,100.0,15.0
53.0,82.0,35.5,75.0,100.0,15.0
53.0,83.0,35.5,75.0,99.0,15.0
53.0,81.0,35.5,75.0,99.0,15.0
54.0,83.0,35.5,76.0,99.0,15.0
53.0,81.0,35.5,76.0,99.0,15.0
54.0,83.0,35.600002,75.0,100.0,15.0
54.0,81.0,35.600002,75.0,100.0,15.0
55.0,83.0,35.600002,75.0,100.0,15.0
55.0,81.0,35.600002,76.0,99.0,15.0
56.0,83.0,35.600002,76.0,99.0,15.0
55.0,81.0,35.7,76.0,99.0,15.0
56.0,83.0,35.7,76.0,99.0,15.0
55.0,81.0,35.7,76.0,99.0,15.0
56.0,82.0,35.7,75.0,99.0,15.0
55.0,80.0,35.7,75.0,99.0,15.0
57.0,81.0,35.7,74.0,99.0,15.0
56.0,80.0,35.7,74.0,99.0,15.0
57.0,81.0,35.7,74.0,99.0,15.0
57.0,80.0,35.7,75.0,99.0,15.0
59.0,83.0,35.7,75.0,99.0,15.0
58.0,81.0,35.7,75.0,99.0,15.0
59.0,83.0,35.7,75.0,99.0,15.0
58.0,81.0,35.7,74.0,99.0,15.0
58.0,82.0,35.7,74.0,99.0,15.0
58.0,80.0,35.8,74.0,99.0,14.0
59.0,82.0,35.8,74.0,99.0,14.0
59.0,80.0,35.8,74.0,99.0,14.0
59.0,82.0,35.8,74.0,100.0,14.0
58.0,79.0,35.8,74.0,99.0,14.0
59.0,81.0,35.8,74.0,99.0,14.0
58.0,79.0,35.8,74.0,99.0,14.0
59.0,81.0,35.8,74.0,99.0,14.0
59.0,80.0,35.8,74.0,99.0,14.0
60.0,82.0,35.8,74.0,99.0,14.0
59.0,80.0,35.8,75.0,99.0,14.0
59.0,82.0,35.8,74.0,100.0,14.0
58.0,79.0,35.8,74.0,99.0,14.0
59.0,80.0,35.8,74.0,99.0,14.0
58.0,78.0,35.8,74.0,99.0,14.0
59.0,80.0,35.8,74.0,99.0,14.0
59.0,79.0,35.8,75.0,99.0,14.0
60.0,82.0,35.8,76.0,99.0,14.0
60.0,80.0,35.8,76.0,99.0,15.0
60.0,82.0,35.8,75.0,99.0,15.0
60.0,81.0,35.8,75.0,99.0,15.0
60.0,83.0,35.8,74.0,99.0,15.0
61.0,82.0,35.8,74.0,99.0,15.0
62.0,85.0,35.8,73.0,99.0,15.0
62.0,85.0,35.8,73.0,99.0,14.0
62.0,86.0,35.8,73.0,100.0,14.0
61.0,84.0,35.8,72.0,99.0,14.0
61.0,85.0,35.8,72.0,99.0,14.0
60.0,82.0,35.8,72.0,99.0,14.0
60.0,84.0,35.9,72.0,99.0,14.0
59.0,82.0,35.9,72.0,99.0,14.0
60.0,83.0,35.9,72.0,99.0,14.0
59.0,80.0,35.9,72.0,99.0,14.0
60.0,82.0,35.9,72.0,99.0,14.0
59.0,80.0,35.9,73.0,99.0,14.0
60.0,81.0,35.9,73.0,99.0,14.0
60.0,80.0,35.9,73.0,99.0,15.0
61.0,82.0,35.9,73.0,99.0,15.0
61.0,81.0,35.9,74.0,99.0,15.0
61.0,83.0,35.9,74.0,99.0,15.0
61.0,81.0,35.9,74.0,99.0,15.0
62.0,83.0,35.9,74.0,99.0,15.0
61.0,81.0,35.9,74.0,99.0,15.0
62.0,83.0,35.9,74.0,99.0,15.0
61.0,81.0,35.9,74.0,99.0,14.0
61.0,83.0,35.9,73.0,99.0,14.0
61.0,81.0,35.9,73.0,99.0,14.0
62.0,83.0,35.9,73.0,99.0,14.0
61.0,81.0,35.9,73.0,99.0,14.0
62.0,83.0,35.9,72.0,99.0,14.0
62.0,82.0,35.9,72.0,99.0,14.0
62.0,84.0,35.9,71.0,99.0,14.0
61.0,82.0,35.9,71.0,99.0,14.0
63.0,84.0,35.9,71.0,99.0,14.0
64.0,85.0,35.9,71.0,99.0,15.0
65.0,88.0,35.9,71.0,99.0,15.0
64.0,87.0,35.9,71.0,99.0,15.0
64.0,88.0,35.9,71.0,100.0,15.0
62.0,85.0,35.9,71.0,100.0,14.0
62.0,85.0,35.9,70.0,100.0,14.0
62.0,83.0,35.9,71.0,100.0,14.0
62.0,84.0,35.9,71.0,100.0,14.0
61.0,82.0,35.9,71.0,99.0,15.0
62.0,83.0,35.9,72.0,99.0,15.0
62.0,82.0,35.9,72.0,99.0,15.0
63.0,84.0,35.9,72.0,99.0,15.0
62.0,82.0,35.9,72.0,99.0,15.0
62.0,84.0,35.9,72.0,99.0,15.0
62.0,83.0,35.9,71.0,99.0,15.0
64.0,85.0,35.9,71.0,99.0,15.0
63.0,84.0,35.9,71.0,99.0,14.0
63.0,85.0,35.9,71.0,99.0,14.0
62.0,83.0,35.9,71.0,99.0,15.0
62.0,84.0,35.9,71.0,99.0,15.0
62.0,82.0,35.9,70.0,99.0,14.0
62.0,84.0,35.9,70.0,99.0,14.0
61.0,82.0,35.9,70.0,99.0,14.0
62.0,83.0,35.9,70.0,99.0,14.0
61.0,81.0,35.9,70.0,99.0,15.0
63.0,83.0,35.9,70.0,99.0,15.0
63.0,83.0,35.9,70.0,99.0,14.0
63.0,85.0,35.9,71.0,99.0,14.0
63.0,83.0,35.9,71.0,99.0,15.0
63.0,84.0,35.9,70.0,99.0,15.0
62.0,82.0,35.9,70.0,99.0,16.0
63.0,83.0,35.9,69.0,99.0,15.0
63.0,81.0,35.9,69.0,99.0,14.0
64.0,82.0,35.9,68.0,99.0,14.0
65.0,82.0,35.9,68.0,99.0,14.0
70.0,89.0,35.8,68.0,99.0,14.0
72.0,91.0,35.8,70.0,100.0,15.0
73.0,94.0,35.8,71.0,100.0,15.0
73.0,93.0,35.8,73.0,100.0,20.0
76.0,96.0,35.8,74.0,100.0,26.0
76.0,96.0,35.8,74.0,100.0,45.0
77.0,99.0,35.8,76.0,100.0,40.0
78.0,96.0,35.8,78.0,100.0,29.0
81.0,99.0,35.8,81.0,100.0,23.0
82.0,98.0,35.7,84.0,100.0,22.0
83.0,101.0,35.7,86.0,100.0,18.0
82.0,97.0,35.7,86.0,100.0,18.0
82.0,99.0,35.600002,89.0,100.0,15.0
84.0,98.0,35.600002,90.0,100.0,15.0
87.0,105.0,35.600002,92.0,100.0,13.0
86.0,104.0,35.600002,92.0,100.0,13.0
86.0,106.0,35.600002,92.0,100.0,13.0
84.0,101.0,35.600002,91.0,100.0,14.0
84.0,103.0,35.600002,91.0,100.0,14.0
83.0,99.0,35.600002,90.0,100.0,14.0
84.0,101.0,35.600002,90.0,100.0,14.0
83.0,99.0,35.600002,89.0,100.0,14.0
84.0,102.0,35.600002,89.0,100.0,14.0
83.0,100.0,35.7,89.0,100.0,15.0
85.0,103.0,35.7,89.0,100.0,15.0
84.0,101.0,35.7,89.0,100.0,14.0
86.0,105.0,35.7,89.0,100.0,14.0
85.0,103.0,35.7,89.0,100.0,14.0
83.0,106.0,35.7,88.0,100.0,14.0
81.0,104.0,35.7,88.0,100.0,15.0
80.0,106.0,35.7,87.0,100.0,15.0
77.0,104.0,35.7,88.0,100.0,15.0
79.0,108.0,35.7,88.0,100.0,15.0
80.0,111.0,35.7,89.0,100.0,15.0
81.0,117.0,35.7,89.0,100.0,15.0
80.0,114.0,35.7,89.0,100.0,15.0
81.0,117.0,35.7,88.0,100.0,15.0
80.0,115.0,35.7,89.0,100.0,14.0
81.0,118.0,35.7,89.0,100.0,14.0
80.0,117.0,35.7,90.0,100.0,14.0
81.0,121.0,35.7,90.0,100.0,14.0
80.0,119.0,35.7,89.0,100.0,14.0
80.0,121.0,35.7,89.0,100.0,14.0
77.0,118.0,35.7,89.0,100.0,14.0
77.0,118.0,35.7,87.0,100.0,14.0
75.0,114.0,35.7,87.0,100.0,14.0
76.0,115.0,35.7,87.0,100.0,14.0
77.0,115.0,35.7,88.0,100.0,14.0
79.0,119.0,35.7,90.0,100.0,14.0
78.0,117.0,35.7,92.0,100.0,14.0
77.0,118.0,35.7,92.0,100.0,14.0
74.0,113.0,35.7,91.0,100.0,14.0
73.0,113.0,35.7,90.0,100.0,14.0
71.0,108.0,35.7,89.0,100.0,14.0
74.0,110.0,35.7,89.0,100.0,15.0
75.0,111.0,35.7,90.0,100.0,15.0
76.0,114.0,35.7,90.0,100.0,15.0
73.0,110.0,35.7,90.0,100.0,15.0
76.0,113.0,35.7,90.0,100.0,15.0
76.0,113.0,35.7,90.0,100.0,15.0
77.0,116.0,35.7,91.0,100.0,15.0
75.0,112.0,35.7,90.0,100.0,15.0
75.0,113.0,35.7,90.0,100.0,15.0
73.0,109.0,35.7,90.0,100.0,15.0
75.0,112.0,35.7,90.0,100.0,15.0
76.0,112.0,35.7,91.0,100.0,15.0
76.0,114.0,35.7,90.0,100.0,15.0
74.0,111.0,35.7,90.0,100.0,15.0
73.0,111.0,35.7,88.0,100.0,15.0
71.0,106.0,35.7,87.0,100.0,14.0
71.0,107.0,35.7,87.0,100.0,14.0
70.0,104.0,35.7,87.0,100.0,14.0
71.0,105.0,35.7,87.0,100.0,14.0
70.0,102.0,35.7,88.0,100.0,15.0
69.0,103.0,35.7,89.0,100.0,15.0
68.0,99.0,35.7,89.0,100.0,15.0
70.0,102.0,35.7,90.0,100.0,15.0
70.0,101.0,35.7,91.0,100.0,15.0
71.0,103.0,35.7,92.0,100.0,15.0
70.0,101.0,35.7,91.0,100.0,14.0
67.0,100.0,35.7,90.0,100.0,14.0
66.0,97.0,35.7,89.0,100.0,16.0
68.0,100.0,35.7,88.0,100.0,16.0
68.0,99.0,35.7,88.0,100.0,14.0
69.0,101.0,35.7,88.0,100.0,14.0
68.0,98.0,35.7,88.0,100.0,15.0
69.0,101.0,35.7,88.0,100.0,15.0
69.0,100.0,35.7,90.0,100.0,15.0
70.0,102.0,35.7,90.0,100.0,15.0
70.0,101.0,35.7,90.0,100.0,13.0
71.0,103.0,35.7,90.0,100.0,16.0
68.0,100.0,35.7,89.0,100.0,21.0
68.0,103.0,35.7,87.0,100.0,25.0
67.0,98.0,35.7,87.0,100.0,29.0
67.0,99.0,35.7,86.0,100.0,23.0
66.0,96.0,35.7,85.0,100.0,20.0
66.0,100.0,35.7,85.0,100.0,20.0
65.0,95.0,35.7,85.0,100.0,21.0
66.0,97.0,35.7,85.0,100.0,33.0
65.0,95.0,35.7,85.0,100.0,30.0
68.0,100.0,35.7,85.0,100.0,28.0
69.0,99.0,35.7,85.0,100.0,23.0
69.0,102.0,35.7,85.0,100.0,23.0
68.0,98.0,35.7,85.0,100.0,17.0
68.0,100.0,35.7,84.0,100.0,17.0
66.0,97.0,35.7,83.0,100.0,15.0
67.0,98.0,35.7,83.0,100.0,15.0
66.0,96.0,35.7,83.0,100.0,14.0
67.0,97.0,35.7,83.0,100.0,14.0
66.0,95.0,35.7,83.0,100.0,14.0
66.0,97.0,35.7,82.0,100.0,14.0
65.0,95.0,35.7,82.0,100.0,15.0
66.0,97.0,35.7,82.0,100.0,15.0
65.0,95.0,35.7,82.0,100.0,14.0
66.0,97.0,35.7,82.0,100.0,14.0
66.0,95.0,35.7,82.0,100.0,14.0
67.0,98.0,35.7,82.0,99.0,14.0
66.0,96.0,35.7,82.0,99.0,14.0
67.0,98.0,35.7,82.0,99.0,15.0
66.0,96.0,35.7,82.0,100.0,15.0
66.0,97.0,35.7,82.0,100.0,15.0
65.0,95.0,35.7,81.0,100.0,15.0
65.0,96.0,35.7,81.0,99.0,15.0
64.0,94.0,35.7,81.0,99.0,14.0
65.0,95.0,35.7,80.0,99.0,14.0
64.0,93.0,35.7,80.0,99.0,15.0
65.0,95.0,35.7,80.0,99.0,15.0
64.0,93.0,35.7,80.0,99.0,15.0
66.0,95.0,35.7,80.0,99.0,15.0
65.0,94.0,35.7,81.0,99.0,15.0
66.0,96.0,35.7,81.0,99.0,15.0
66.0,94.0,35.7,81.0,99.0,14.0
66.0,96.0,35.7,81.0,99.0,14.0
65.0,93.0,35.7,81.0,99.0,14.0
65.0,94.0,35.7,80.0,99.0,14.0
65.0,93.0,35.7,81.0,99.0,14.0
65.0,95.0,35.7,80.0,99.0,14.0
64.0,93.0,35.7,81.0,99.0,14.0
65.0,94.0,35.7,80.0,99.0,14.0
65.0,93.0,35.7,80.0,99.0,14.0
66.0,95.0,35.7,80.0,99.0,15.0
65.0,93.0,35.7,80.0,99.0,14.0
65.0,94.0,35.7,79.0,99.0,14.0
64.0,92.0,35.7,79.0,99.0,14.0
64.0,93.0,35.7,79.0,99.0,14.0
64.0,91.0,35.7,79.0,99.0,15.0
64.0,93.0,35.7,79.0,99.0,15.0
63.0,91.0,35.7,79.0,99.0,15.0
64.0,93.0,35.7,78.0,99.0,15.0
64.0,91.0,35.7,78.0,99.0,15.0
64.0,93.0,35.7,78.0,99.0,15.0
63.0,91.0,35.7,78.0,99.0,14.0
63.0,92.0,35.7,77.0,99.0,14.0
63.0,90.0,35.7,78.0,99.0,14.0
63.0,92.0,35.7,77.0,99.0,14.0
63.0,90.0,35.7,77.0,99.0,14.0
63.0,92.0,35.7,77.0,99.0,14.0
64.0,91.0,35.7,77.0,99.0,15.0
65.0,94.0,35.7,77.0,99.0,15.0
64.0,92.0,35.7,77.0,99.0,15.0
64.0,93.0,35.7,76.0,99.0,15.0
63.0,91.0,35.7,77.0,99.0,15.0
63.0,92.0,35.7,77.0,99.0,14.0
62.0,90.0,35.7,77.0,99.0,14.0
63.0,92.0,35.7,77.0,99.0,14.0
62.0,90.0,35.7,77.0,99.0,14.0
63.0,92.0,35.7,77.0,99.0,14.0
64.0,91.0,35.7,77.0,99.0,14.0
63.0,93.0,35.7,76.0,99.0,14.0
62.0,90.0,35.7,76.0,99.0,14.0
63.0,91.0,35.7,76.0,99.0,15.0
63.0,91.0,35.7,76.0,99.0,15.0
64.0,93.0,35.7,76.0,99.0,15.0
55.0,92.0,35.7,76.0,99.0,16.0
9.0,111.0,35.7,75.0,99.0,22.0
48.0,94.0,35.7,75.0,99.0,22.0
54.0,97.0,35.7,75.0,99.0,33.0
55.0,92.0,35.7,76.0,99.0,31.0
59.0,96.0,35.7,76.0,99.0,31.0
59.0,95.0,35.7,76.0,99.0,27.0
59.0,98.0,35.7,75.0,99.0,24.0
58.0,95.0,35.600002,75.0,99.0,23.0
59.0,96.0,35.7,74.0,99.0,20.0
58.0,94.0,35.600002,75.0,99.0,17.0
59.0,95.0,35.7,75.0,99.0,17.0
57.0,94.0,35.7,75.0,99.0,15.0
58.0,95.0,35.600002,75.0,99.0,14.0
59.0,98.0,35.7,76.0,99.0,15.0
54.0,94.0,35.600002,75.0,99.0,15.0
58.0,104.0,35.600002,76.0,99.0,13.0
49.0,87.0,35.600002,75.0,99.0,13.0
39.0,123.0,35.600002,75.0,99.0,14.0
55.0,100.0,35.600002,75.0,99.0,14.0
56.0,99.0,35.600002,75.0,99.0,15.0
58.0,96.0,35.600002,75.0,99.0,15.0
66.0,100.0,35.600002,75.0,99.0,15.0
66.0,100.0,35.600002,75.0,99.0,20.0
58.0,58.0,35.600002,75.0,99.0,20.0
58.0,58.0,35.600002,74.0,99.0,20.0
51.0,51.0,35.600002,74.0,99.0,19.0
51.0,51.0,35.600002,74.0,99.0,19.0
48.0,48.0,35.600002,74.0,99.0,18.0
48.0,48.0,35.600002,74.0,99.0,17.0
46.0,46.0,35.600002,74.0,99.0,14.0
44.0,46.0,35.600002,74.0,99.0,14.0
50.0,58.0,35.600002,74.0,99.0,14.0
63.0,88.0,35.600002,73.0,99.0,14.0
65.0,97.0,35.600002,73.0,99.0,15.0
65.0,101.0,35.600002,73.0,99.0,15.0
64.0,101.0,35.600002,73.0,99.0,15.0
63.0,101.0,35.600002,73.0,99.0,15.0
62.0,98.0,35.600002,73.0,99.0,15.0
61.0,99.0,35.600002,74.0,99.0,15.0
60.0,96.0,35.600002,74.0,99.0,15.0
61.0,98.0,35.600002,75.0,99.0,15.0
62.0,98.0,35.600002,77.0,99.0,15.0
64.0,102.0,35.600002,79.0,100.0,14.0
63.0,101.0,35.600002,79.0,100.0,14.0
63.0,102.0,35.600002,79.0,100.0,14.0
62.0,99.0,35.600002,79.0,100.0,14.0
62.0,100.0,35.600002,78.0,100.0,14.0
61.0,98.0,35.600002,79.0,100.0,15.0
64.0,102.0,35.600002,80.0,100.0,15.0
66.0,103.0,35.600002,81.0,99.0,15.0
67.0,106.0,35.600002,82.0,100.0,14.0
65.0,103.0,35.600002,82.0,100.0,14.0
64.0,104.0,35.600002,81.0,100.0,15.0
62.0,101.0,35.600002,80.0,100.0,14.0
63.0,101.0,35.600002,79.0,100.0,14.0
61.0,98.0,35.600002,79.0,100.0,14.0
62.0,99.0,35.600002,79.0,100.0,14.0
61.0,97.0,35.600002,80.0,100.0,15.0
63.0,100.0,35.600002,81.0,100.0,15.0
64.0,100.0,35.600002,82.0,100.0,15.0
66.0,104.0,35.600002,81.0,100.0,14.0
64.0,102.0,35.600002,80.0,100.0,14.0
64.0,103.0,35.600002,79.0,99.0,15.0
62.0,100.0,35.600002,79.0,99.0,15.0
62.0,100.0,35.600002,77.0,100.0,15.0
61.0,98.0,35.600002,77.0,99.0,14.0
61.0,99.0,35.600002,77.0,99.0,14.0
61.0,96.0,35.600002,78.0,99.0,15.0
62.0,99.0,35.600002,79.0,99.0,15.0
62.0,98.0,35.600002,79.0,99.0,15.0
63.0,100.0,35.600002,80.0,99.0,15.0
62.0,98.0,35.600002,80.0,99.0,15.0
62.0,99.0,35.600002,79.0,99.0,14.0
61.0,97.0,35.600002,78.0,99.0,14.0
61.0,98.0,35.600002,78.0,99.0,15.0
61.0,96.0,35.600002,78.0,99.0,15.0
61.0,97.0,35.600002,78.0,99.0,15.0
60.0,95.0,35.600002,78.0,99.0,15.0
61.0,97.0,35.600002,78.0,99.0,15.0
60.0,95.0,35.600002,78.0,99.0,15.0
61.0,96.0,35.600002,78.0,99.0,15.0
60.0,94.0,35.600002,78.0,99.0,14.0
60.0,96.0,35.600002,77.0,99.0,14.0
60.0,94.0,35.600002,78.0,99.0,14.0
62.0,97.0,35.600002,78.0,99.0,14.0
64.0,98.0,35.600002,79.0,99.0,14.0
64.0,101.0,35.600002,79.0,99.0,14.0
63.0,99.0,35.600002,79.0,99.0,14.0
63.0,100.0,35.600002,78.0,99.0,14.0
61.0,97.0,35.600002,78.0,99.0,14.0
62.0,99.0,35.600002,78.0,99.0,14.0
61.0,97.0,35.600002,78.0,99.0,15.0
61.0,98.0,35.600002,77.0,99.0,15.0
60.0,96.0,35.600002,77.0,99.0,14.0
61.0,96.0,35.600002,76.0,99.0,14.0
60.0,96.0,35.600002,76.0,99.0,14.0
60.0,95.0,35.600002,75.0,99.0,14.0
60.0,96.0,35.600002,75.0,99.0,14.0
59.0,94.0,35.600002,75.0,99.0,13.0
59.0,94.0,35.600002,74.0,99.0,13.0
59.0,94.0,35.600002,74.0,99.0,13.0
58.0,93.0,35.600002,74.0,99.0,12.0
59.0,94.0,35.600002,74.0,99.0,12.0
58.0,92.0,35.600002,74.0,99.0,11.0
59.0,93.0,35.600002,74.0,99.0,11.0
58.0,93.0,35.600002,74.0,99.0,11.0
58.0,92.0,35.600002,74.0,99.0,11.0
58.0,94.0,35.600002,73.0,99.0,11.0
57.0,92.0,35.600002,73.0,99.0,12.0
58.0,92.0,35.600002,73.0,99.0,12.0
58.0,92.0,35.600002,73.0,99.0,12.0
58.0,91.0,35.600002,73.0,99.0,11.0
58.0,93.0,35.600002,73.0,99.0,11.0
58.0,91.0,35.600002,73.0,99.0,11.0
60.0,93.0,35.600002,73.0,99.0,12.0
61.0,95.0,35.600002,74.0,99.0,12.0
62.0,96.0,35.600002,74.0,99.0,12.0
63.0,98.0,35.600002,74.0,99.0,12.0
61.0,97.0,35.600002,74.0,99.0,12.0
62.0,97.0,35.600002,74.0,99.0,11.0
61.0,96.0,35.600002,74.0,99.0,11.0
60.0,95.0,35.600002,73.0,99.0,11.0
60.0,97.0,35.600002,73.0,99.0,11.0
59.0,94.0,35.600002,73.0,99.0,11.0
59.0,94.0,35.600002,72.0,99.0,11.0
58.0,94.0,35.600002,72.0,99.0,11.0
58.0,93.0,35.600002,72.0,99.0,11.0
59.0,94.0,35.600002,72.0,99.0,11.0
59.0,93.0,35.600002,73.0,99.0,11.0
59.0,94.0,35.600002,73.0,99.0,11.0
59.0,95.0,35.600002,73.0,99.0,11.0
59.0,93.0,35.600002,73.0,99.0,12.0
59.0,95.0,35.600002,73.0,99.0,12.0
59.0,94.0,35.600002,73.0,99.0,13.0
61.0,95.0,35.600002,74.0,99.0,13.0
62.0,97.0,35.600002,74.0,99.0,12.0
62.0,97.0,35.600002,74.0,99.0,12.0
60.0,99.0,35.600002,72.0,99.0,12.0
60.0,97.0,35.600002,72.0,99.0,12.0
60.0,96.0,35.600002,71.0,99.0,12.0
60.0,96.0,35.600002,71.0,99.0,12.0
59.0,95.0,35.600002,71.0,99.0,12.0
59.0,96.0,35.600002,71.0,99.0,12.0
58.0,95.0,35.600002,71.0,99.0,12.0
58.0,95.0,35.600002,71.0,99.0,12.0
58.0,95.0,35.600002,71.0,99.0,12.0
58.0,93.0,35.600002,71.0,99.0,12.0
59.0,95.0,35.600002,71.0,99.0,11.0
58.0,94.0,35.600002,71.0,99.0,11.0
58.0,94.0,35.600002,71.0,99.0,11.0
58.0,94.0,35.600002,71.0,99.0,11.0
57.0,93.0,35.600002,70.0,99.0,11.0
58.0,95.0,35.600002,70.0,99.0,11.0
58.0,94.0,35.600002,70.0,99.0,11.0
58.0,93.0,35.600002,70.0,99.0,10.0
58.0,94.0,35.600002,70.0,99.0,10.0
58.0,93.0,35.600002,70.0,99.0,12.0
59.0,95.0,35.600002,69.0,99.0,12.0
59.0,95.0,35.600002,70.0,99.0,12.0
59.0,95.0,35.600002,69.0,99.0,12.0
58.0,95.0,35.600002,69.0,99.0,12.0
57.0,94.0,35.600002,68.0,99.0,12.0
58.0,95.0,35.600002,67.0,99.0,12.0
58.0,94.0,35.600002,68.0,99.0,12.0
58.0,94.0,35.600002,67.0,99.0,12.0
56.0,96.0,35.600002,68.0,99.0,12.0
58.0,94.0,35.600002,69.0,99.0,12.0
61.0,98.0,35.600002,71.0,99.0,13.0
62.0,99.0,35.600002,73.0,99.0,13.0
65.0,101.0,35.600002,74.0,99.0,15.0
64.0,102.0,35.600002,73.0,99.0,15.0
62.0,100.0,35.600002,72.0,99.0,15.0
60.0,99.0,35.600002,71.0,99.0,15.0
59.0,96.0,35.600002,70.0,99.0,15.0
59.0,95.0,35.600002,70.0,99.0,15.0
59.0,95.0,35.600002,71.0,99.0,14.0
59.0,95.0,35.600002,71.0,99.0,14.0
59.0,96.0,35.600002,71.0,99.0,14.0
58.0,95.0,35.600002,71.0,99.0,12.0
58.0,95.0,35.600002,70.0,99.0,12.0
58.0,95.0,35.600002,70.0,99.0,12.0
57.0,94.0,35.600002,70.0,99.0,12.0
58.0,96.0,35.600002,69.0,99.0,12.0
60.0,99.0,35.600002,70.0,99.0,12.0
60.0,101.0,35.600002,70.0,99.0,11.0
62.0,105.0,35.600002,70.0,99.0,12.0
56.0,96.0,35.600002,70.0,99.0,12.0
62.0,99.0,35.600002,70.0,99.0,12.0
60.0,97.0,35.600002,69.0,100.0,12.0
59.0,96.0,35.600002,68.0,99.0,12.0
59.0,96.0,35.600002,68.0,99.0,12.0
58.0,95.0,35.600002,68.0,99.0,12.0
58.0,96.0,35.600002,68.0,99.0,12.0
57.0,94.0,35.600002,68.0,99.0,12.0
58.0,95.0,35.600002,68.0,99.0,12.0
57.0,96.0,35.600002,69.0,99.0,12.0
58.0,94.0,35.600002,69.0,99.0,11.0
58.0,95.0,35.600002,69.0,99.0,11.0
57.0,93.0,35.600002,69.0,99.0,11.0
57.0,93.0,35.600002,68.0,99.0,14.0
57.0,94.0,35.600002,68.0,99.0,14.0
57.0,93.0,35.600002,68.0,99.0,24.0
57.0,95.0,35.600002,68.0,99.0,33.0
57.0,92.0,35.600002,68.0,99.0,23.0
58.0,92.0,35.600002,68.0,99.0,21.0
57.0,93.0,35.600002,68.0,99.0,18.0
57.0,92.0,35.600002,68.0,99.0,16.0
58.0,94.0,35.600002,67.0,99.0,16.0
56.0,92.0,35.600002,67.0,99.0,15.0
57.0,93.0,35.600002,66.0,99.0,15.0
57.0,93.0,35.600002,67.0,99.0,15.0
57.0,92.0,35.600002,67.0,99.0,11.0
57.0,93.0,35.600002,68.0,99.0,11.0
56.0,92.0,35.600002,68.0,99.0,11.0
56.0,92.0,35.600002,68.0,99.0,11.0
57.0,92.0,35.600002,68.0,99.0,11.0
57.0,91.0,35.600002,68.0,99.0,21.0
56.0,92.0,35.600002,68.0,99.0,33.0
56.0,92.0,35.600002,68.0,99.0,41.0
58.0,93.0,35.600002,68.0,99.0,30.0
58.0,94.0,35.600002,68.0,99.0,27.0
57.0,93.0,35.600002,67.0,99.0,22.0
57.0,94.0,35.600002,67.0,99.0,22.0
55.0,92.0,35.600002,67.0,99.0,16.0
56.0,91.0,35.600002,66.0,99.0,16.0
56.0,91.0,35.600002,67.0,99.0,13.0
55.0,90.0,35.600002,67.0,99.0,12.0
57.0,92.0,35.600002,67.0,99.0,12.0
56.0,92.0,35.600002,67.0,99.0,10.0
57.0,92.0,35.600002,67.0,99.0,10.0
56.0,92.0,35.600002,67.0,99.0,10.0
56.0,91.0,35.600002,67.0,99.0,12.0
56.0,92.0,35.600002,67.0,99.0,12.0
56.0,91.0,35.600002,67.0,99.0,12.0
56.0,91.0,35.600002,67.0,99.0,11.0
56.0,92.0,35.600002,67.0,99.0,12.0
56.0,91.0,35.600002,67.0,99.0,12.0
56.0,93.0,35.600002,66.0,99.0,12.0
56.0,92.0,35.600002,67.0,99.0,11.0
56.0,92.0,35.600002,67.0,99.0,11.0
56.0,92.0,35.600002,67.0,99.0,11.0
55.0,91.0,35.600002,66.0,99.0,12.0
56.0,92.0,35.600002,66.0,99.0,12.0
55.0,90.0,35.600002,66.0,99.0,12.0
56.0,91.0,35.600002,66.0,99.0,12.0
56.0,91.0,35.600002,66.0,99.0,12.0
55.0,90.0,35.600002,66.0,99.0,12.0
56.0,91.0,35.600002,66.0,99.0,12.0
55.0,91.0,35.600002,66.0,99.0,12.0
54.0,90.0,35.600002,66.0,99.0,12.0
55.0,92.0,35.600002,65.0,99.0,12.0
54.0,90.0,35.600002,65.0,99.0,12.0
55.0,91.0,35.600002,64.0,99.0,12.0
56.0,90.0,35.600002,64.0,99.0,12.0
56.0,92.0,35.600002,64.0,99.0,11.0
56.0,94.0,35.600002,64.0,99.0,11.0
55.0,91.0,35.600002,64.0,99.0,11.0
55.0,92.0,35.600002,64.0,99.0,11.0
56.0,91.0,35.600002,64.0,99.0,11.0
56.0,91.0,35.600002,64.0,99.0,11.0
56.0,92.0,35.600002,64.0,99.0,11.0
56.0,90.0,35.600002,64.0,99.0,11.0
56.0,92.0,35.600002,64.0,99.0,11.0
55.0,91.0,35.600002,64.0,99.0,12.0
56.0,90.0,35.600002,65.0,99.0,12.0
55.0,91.0,35.600002,65.0,99.0,12.0
55.0,90.0,35.600002,66.0,99.0,11.0
56.0,91.0,35.600002,66.0,99.0,11.0
55.0,90.0,35.600002,67.0,99.0,12.0
55.0,90.0,35.600002,66.0,99.0,12.0
55.0,91.0,35.600002,66.0,99.0,12.0
54.0,89.0,35.600002,66.0,99.0,12.0
54.0,90.0,35.600002,65.0,99.0,12.0
54.0,89.0,35.600002,65.0,99.0,12.0
54.0,89.0,35.600002,65.0,99.0,12.0
54.0,90.0,35.600002,65.0,99.0,12.0
54.0,88.0,35.600002,65.0,99.0,12.0
55.0,90.0,35.600002,65.0,99.0,12.0
54.0,90.0,35.600002,65.0,99.0,16.0
55.0,90.0,35.600002,65.0,99.0,16.0
56.0,91.0,35.600002,65.0,99.0,16.0
56.0,91.0,35.600002,63.0,99.0,16.0
56.0,92.0,35.600002,63.0,99.0,16.0
56.0,92.0,35.600002,63.0,99.0,16.0
57.0,93.0,35.600002,62.0,99.0,15.0
56.0,92.0,35.600002,62.0,99.0,15.0
55.0,90.0,35.600002,62.0,99.0,14.0
55.0,92.0,35.600002,62.0,99.0,14.0
55.0,90.0,35.600002,63.0,99.0,11.0
56.0,90.0,35.600002,63.0,99.0,11.0
55.0,91.0,35.600002,63.0,99.0,11.0
54.0,89.0,35.600002,63.0,99.0,11.0
54.0,90.0,35.600002,63.0,99.0,11.0
54.0,89.0,35.600002,63.0,99.0,12.0
56.0,90.0,35.600002,63.0,99.0,12.0
56.0,92.0,35.600002,63.0,99.0,12.0
55.0,90.0,35.600002,63.0,99.0,12.0
56.0,92.0,35.600002,63.0,99.0,12.0
55.0,91.0,35.600002,63.0,99.0,12.0
56.0,90.0,35.600002,63.0,99.0,12.0
56.0,91.0,35.600002,63.0,99.0,11.0
55.0,90.0,35.600002,62.0,99.0,11.0
55.0,90.0,35.600002,62.0,99.0,11.0
54.0,88.0,35.600002,62.0,99.0,11.0
55.0,89.0,35.600002,63.0,99.0,11.0
56.0,90.0,35.600002,63.0,99.0,12.0
55.0,89.0,35.600002,63.0,99.0,12.0
55.0,90.0,35.600002,63.0,99.0,12.0
54.0,89.0,35.600002,62.0,99.0,12.0
55.0,89.0,35.600002,62.0,99.0,13.0
55.0,90.0,35.600002,62.0,99.0,15.0
54.0,89.0,35.600002,62.0,99.0,15.0
54.0,89.0,35.600002,62.0,99.0,15.0
54.0,89.0,35.600002,62.0,99.0,15.0
55.0,89.0,35.600002,63.0,99.0,16.0
54.0,89.0,35.600002,63.0,99.0,14.0
54.0,88.0,35.600002,64.0,99.0,14.0
54.0,89.0,35.600002,63.0,99.0,14.0
54.0,88.0,35.600002,63.0,99.0,14.0
54.0,88.0,35.600002,64.0,99.0,14.0
54.0,89.0,35.600002,64.0,99.0,12.0
53.0,88.0,35.600002,63.0,99.0,14.0
54.0,88.0,35.600002,63.0,99.0,14.0
54.0,88.0,35.600002,63.0,99.0,14.0
54.0,88.0,35.600002,63.0,99.0,16.0
54.0,89.0,35.600002,63.0,99.0,17.0
54.0,88.0,35.600002,64.0,99.0,15.0
54.0,89.0,35.600002,64.0,99.0,15.0
54.0,88.0,35.600002,64.0,99.0,14.0
54.0,88.0,35.600002,63.0,99.0,14.0
54.0,89.0,35.600002,63.0,99.0,12.0
54.0,88.0,35.600002,63.0,99.0,12.0
55.0,90.0,35.600002,63.0,99.0,12.0
54.0,89.0,35.600002,63.0,99.0,12.0
54.0,89.0,35.600002,63.0,99.0,12.0
54.0,89.0,35.600002,62.0,99.0,12.0
53.0,88.0,35.600002,62.0,99.0,14.0
53.0,88.0,35.600002,61.0,99.0,14.0
52.0,87.0,35.600002,61.0,99.0,15.0
52.0,87.0,35.600002,61.0,99.0,14.0
52.0,87.0,35.600002,61.0,99.0,12.0
52.0,86.0,35.600002,61.0,99.0,11.0
53.0,88.0,35.600002,61.0,99.0,11.0
52.0,86.0,35.600002,62.0,99.0,11.0
52.0,86.0,35.600002,62.0,99.0,11.0
52.0,87.0,35.600002,62.0,99.0,11.0
52.0,86.0,35.600002,62.0,99.0,11.0
53.0,87.0,35.600002,61.0,99.0,11.0
52.0,86.0,35.600002,62.0,99.0,10.0
52.0,86.0,35.600002,61.0,99.0,10.0
52.0,87.0,35.600002,61.0,99.0,10.0
52.0,86.0,35.600002,61.0,99.0,12.0
52.0,86.0,35.600002,61.0,99.0,12.0
51.0,86.0,35.600002,61.0,99.0,12.0
51.0,85.0,35.600002,61.0,99.0,11.0
52.0,86.0,35.600002,60.0,99.0,12.0
52.0,85.0,35.600002,60.0,99.0,12.0
53.0,87.0,35.600002,60.0,99.0,12.0
52.0,86.0,35.600002,60.0,99.0,11.0
52.0,85.0,35.600002,60.0,99.0,11.0
51.0,86.0,35.600002,60.0,99.0,12.0
51.0,85.0,35.600002,60.0,99.0,12.0
51.0,85.0,35.600002,59.0,99.0,12.0
51.0,85.0,35.600002,59.0,99.0,12.0
51.0,84.0,35.600002,59.0,99.0,12.0
51.0,84.0,35.600002,59.0,99.0,12.0
51.0,84.0,35.600002,60.0,99.0,12.0
51.0,85.0,35.600002,59.0,99.0,12.0
51.0,85.0,35.600002,60.0,99.0,11.0
52.0,84.0,35.600002,59.0,99.0,11.0
52.0,87.0,35.600002,59.0,99.0,11.0
52.0,86.0,35.600002,59.0,99.0,11.0
52.0,87.0,35.600002,59.0,99.0,11.0
52.0,86.0,35.600002,59.0,99.0,11.0
52.0,86.0,35.600002,58.0,99.0,11.0
51.0,86.0,35.600002,57.0,99.0,11.0
51.0,85.0,35.600002,57.0,99.0,11.0
55.0,91.0,35.600002,55.0,99.0,11.0
56.0,94.0,35.600002,54.0,99.0,12.0
57.0,97.0,35.600002,53.0,99.0,12.0
58.0,99.0,35.600002,53.0,99.0,12.0
57.0,98.0,35.600002,53.0,99.0,11.0
58.0,98.0,35.600002,52.0,99.0,11.0
58.0,98.0,35.600002,52.0,100.0,12.0
58.0,98.0,35.600002,52.0,100.0,12.0
57.0,99.0,35.600002,52.0,100.0,12.0
56.0,97.0,35.600002,52.0,100.0,11.0
56.0,96.0,35.600002,52.0,100.0,11.0
56.0,96.0,35.600002,51.0,100.0,12.0
56.0,96.0,35.600002,51.0,100.0,12.0
56.0,96.0,35.600002,51.0,100.0,12.0
55.0,94.0,35.600002,51.0,100.0,12.0
54.0,94.0,35.600002,52.0,100.0,12.0
54.0,92.0,35.600002,52.0,100.0,11.0
55.0,92.0,35.600002,52.0,100.0,11.0
56.0,94.0,35.600002,51.0,100.0,11.0
57.0,94.0,35.600002,52.0,100.0,12.0
59.0,97.0,35.600002,52.0,100.0,12.0
61.0,98.0,35.600002,53.0,100.0,11.0
63.0,102.0,35.600002,53.0,100.0,11.0
66.0,107.0,35.600002,54.0,100.0,11.0
67.0,108.0,35.600002,54.0,100.0,11.0
68.0,112.0,35.600002,53.0,100.0,11.0
67.0,112.0,35.600002,53.0,100.0,12.0
65.0,109.0,35.600002,52.0,100.0,12.0
64.0,108.0,35.600002,51.0,100.0,11.0
63.0,106.0,35.600002,51.0,100.0,11.0
62.0,105.0,35.600002,51.0,100.0,11.0
62.0,103.0,35.600002,51.0,100.0,15.0
63.0,103.0,35.600002,51.0,100.0,15.0
65.0,105.0,35.600002,53.0,100.0,16.0
66.0,106.0,35.600002,54.0,100.0,16.0
69.0,110.0,35.600002,55.0,100.0,17.0
70.0,113.0,35.600002,54.0,100.0,16.0
69.0,112.0,35.600002,54.0,100.0,16.0
68.0,112.0,35.600002,53.0,100.0,16.0
66.0,109.0,35.600002,51.0,100.0,16.0
65.0,108.0,35.600002,51.0,100.0,12.0
64.0,105.0,35.600002,51.0,100.0,12.0
64.0,104.0,35.600002,51.0,100.0,12.0
63.0,104.0,35.600002,51.0,100.0,11.0
62.0,102.0,35.600002,51.0,100.0,11.0
61.0,101.0,35.600002,51.0,100.0,11.0
61.0,100.0,35.600002,52.0,100.0,12.0
61.0,99.0,35.600002,52.0,100.0,12.0
61.0,99.0,35.600002,52.0,100.0,12.0
61.0,98.0,35.600002,52.0,100.0,12.0
62.0,99.0,35.600002,52.0,100.0,12.0
64.0,103.0,35.600002,53.0,100.0,12.0
66.0,106.0,35.600002,52.0,100.0,12.0
65.0,107.0,35.600002,52.0,100.0,12.0
64.0,106.0,35.600002,51.0,100.0,12.0
63.0,104.0,35.600002,51.0,100.0,12.0
62.0,102.0,35.600002,51.0,100.0,11.0
62.0,102.0,35.600002,51.0,100.0,11.0
62.0,101.0,35.600002,50.0,100.0,11.0
61.0,100.0,35.600002,50.0,100.0,11.0
60.0,99.0,35.600002,50.0,100.0,11.0
60.0,98.0,35.600002,50.0,100.0,11.0
60.0,98.0,35.600002,50.0,100.0,10.0
60.0,97.0,35.600002,50.0,100.0,10.0
61.0,98.0,35.600002,50.0,100.0,10.0
60.0,98.0,35.600002,50.0,100.0,10.0
60.0,97.0,35.600002,50.0,100.0,10.0
59.0,97.0,35.600002,50.0,100.0,10.0
58.0,95.0,35.600002,50.0,100.0,10.0
58.0,95.0,35.600002,50.0,100.0,10.0
59.0,95.0,35.600002,50.0,100.0,10.0
58.0,95.0,35.600002,50.0,100.0,10.0
58.0,94.0,35.600002,50.0,100.0,10.0
58.0,94.0,35.600002,50.0,100.0,10.0
58.0,93.0,35.600002,50.0,100.0,10.0
57.0,92.0,35.600002,50.0,100.0,10.0
58.0,93.0,35.600002,51.0,100.0,10.0
57.0,92.0,35.600002,51.0,100.0,10.0
57.0,91.0,35.600002,51.0,100.0,10.0
57.0,92.0,35.600002,51.0,100.0,10.0
57.0,92.0,35.600002,51.0,100.0,9.0
57.0,91.0,35.600002,51.0,100.0,9.0
57.0,92.0,35.600002,51.0,100.0,9.0
57.0,92.0,35.600002,52.0,100.0,10.0
56.0,91.0,35.600002,52.0,100.0,10.0
57.0,91.0,35.600002,52.0,100.0,10.0
56.0,91.0,35.600002,52.0,100.0,9.0
56.0,90.0,35.600002,52.0,100.0,9.0
56.0,91.0,35.600002,52.0,99.0,9.0
56.0,90.0,35.600002,52.0,99.0,9.0
56.0,89.0,35.600002,52.0,99.0,9.0
56.0,90.0,35.600002,52.0,99.0,9.0
56.0,90.0,35.600002,52.0,99.0,9.0
56.0,89.0,35.600002,52.0,100.0,16.0
56.0,90.0,35.600002,52.0,100.0,16.0
55.0,90.0,35.600002,51.0,100.0,23.0
55.0,89.0,35.600002,51.0,99.0,40.0
58.0,93.0,35.600002,51.0,99.0,40.0
59.0,95.0,35.600002,49.0,100.0,28.0
61.0,99.0,35.600002,49.0,100.0,28.0
61.0,100.0,35.600002,49.0,100.0,22.0
61.0,101.0,35.600002,48.0,100.0,20.0
60.0,99.0,35.600002,48.0,100.0,17.0
60.0,98.0,35.600002,48.0,100.0,15.0
59.0,98.0,35.600002,48.0,100.0,14.0
58.0,96.0,35.600002,48.0,100.0,14.0
59.0,97.0,35.600002,48.0,100.0,11.0
58.0,97.0,35.600002,48.0,100.0,11.0
58.0,96.0,35.600002,48.0,100.0,11.0
58.0,96.0,35.600002,48.0,100.0,11.0
57.0,95.0,35.600002,49.0,100.0,10.0
57.0,94.0,35.600002,49.0,100.0,10.0
57.0,94.0,35.600002,49.0,100.0,10.0
56.0,93.0,35.600002,49.0,100.0,9.0
55.0,92.0,35.600002,48.0,100.0,9.0
57.0,93.0,35.600002,49.0,100.0,9.0
57.0,94.0,35.600002,49.0,100.0,9.0
57.0,94.0,35.600002,49.0,100.0,9.0
58.0,94.0,35.600002,49.0,100.0,9.0
57.0,93.0,35.600002,49.0,100.0,9.0
56.0,93.0,35.600002,49.0,100.0,9.0
56.0,93.0,35.600002,49.0,100.0,9.0
55.0,92.0,35.600002,49.0,100.0,9.0
55.0,91.0,35.600002,49.0,100.0,9.0
57.0,92.0,35.600002,49.0,100.0,9.0
57.0,93.0,35.600002,49.0,100.0,9.0
58.0,94.0,35.600002,49.0,100.0,9.0
58.0,95.0,35.600002,49.0,100.0,9.0
57.0,94.0,35.600002,49.0,100.0,9.0
57.0,94.0,35.600002,48.0,100.0,9.0
58.0,95.0,35.600002,48.0,100.0,9.0
58.0,95.0,35.600002,49.0,100.0,10.0
58.0,94.0,35.600002,49.0,100.0,10.0
58.0,95.0,35.600002,49.0,100.0,10.0
57.0,94.0,35.600002,49.0,100.0,10.0
57.0,93.0,35.600002,49.0,100.0,10.0
57.0,93.0,35.600002,49.0,100.0,10.0
56.0,93.0,35.600002,50.0,100.0,10.0
56.0,91.0,35.600002,50.0,100.0,10.0
56.0,92.0,35.600002,50.0,100.0,11.0
55.0,91.0,35.600002,49.0,100.0,11.0
57.0,92.0,35.600002,49.0,100.0,11.0
58.0,94.0,35.600002,49.0,100.0,11.0
60.0,98.0,35.600002,48.0,100.0,13.0
60.0,99.0,35.600002,48.0,100.0,13.0
60.0,99.0,35.600002,48.0,100.0,13.0
59.0,99.0,35.600002,48.0,100.0,12.0
59.0,97.0,35.600002,49.0,100.0,12.0
59.0,98.0,35.600002,49.0,100.0,12.0
59.0,98.0,35.600002,50.0,100.0,12.0
59.0,97.0,35.600002,50.0,100.0,12.0
60.0,98.0,35.600002,50.0,100.0,12.0
60.0,99.0,35.600002,50.0,100.0,11.0
60.0,97.0,35.600002,51.0,100.0,11.0
60.0,98.0,35.600002,51.0,100.0,10.0
60.0,97.0,35.600002,51.0,100.0,10.0
59.0,96.0,35.600002,51.0,100.0,10.0
60.0,97.0,35.600002,51.0,100.0,10.0
60.0,97.0,35.600002,51.0,100.0,10.0
59.0,96.0,35.600002,51.0,100.0,10.0
60.0,97.0,35.600002,51.0,100.0,10.0
60.0,98.0,35.600002,51.0,100.0,9.0
60.0,98.0,35.600002,50.0,100.0,12.0
60.0,98.0,35.600002,50.0,100.0,15.0
61.0,100.0,35.600002,50.0,100.0,19.0
62.0,100.0,35.600002,49.0,100.0,29.0
63.0,102.0,35.600002,49.0,100.0,26.0
62.0,102.0,35.600002,50.0,100.0,19.0
62.0,101.0,35.600002,50.0,100.0,16.0
62.0,102.0,35.600002,50.0,100.0,14.0
61.0,100.0,35.600002,50.0,100.0,13.0
61.0,100.0,35.600002,50.0,100.0,13.0
61.0,101.0,35.600002,50.0,100.0,11.0
61.0,100.0,35.600002,50.0,100.0,11.0
62.0,100.0,35.600002,50.0,100.0,11.0
65.0,105.0,35.600002,51.0,100.0,11.0
69.0,109.0,35.600002,52.0,100.0,9.0
73.0,112.0,35.600002,53.0,100.0,9.0
75.0,118.0,35.600002,55.0,100.0,9.0
77.0,120.0,35.600002,56.0,100.0,9.0
78.0,121.0,35.600002,56.0,100.0,9.0
79.0,123.0,35.600002,56.0,100.0,9.0
79.0,125.0,35.600002,56.0,100.0,10.0
78.0,123.0,35.600002,55.0,100.0,10.0
78.0,122.0,35.600002,55.0,100.0,10.0
77.0,121.0,35.600002,55.0,100.0,10.0
76.0,120.0,35.600002,55.0,100.0,10.0
77.0,121.0,35.600002,55.0,100.0,10.0
76.0,121.0,35.600002,55.0,100.0,10.0
75.0,119.0,35.600002,54.0,100.0,9.0
74.0,119.0,35.600002,53.0,100.0,9.0
74.0,118.0,35.600002,52.0,100.0,9.0
73.0,116.0,35.600002,52.0,100.0,9.0
73.0,116.0,35.600002,52.0,100.0,9.0
72.0,116.0,35.600002,52.0,100.0,9.0
72.0,115.0,35.600002,52.0,100.0,9.0
72.0,116.0,35.600002,52.0,100.0,9.0
72.0,115.0,35.600002,52.0,100.0,10.0
72.0,114.0,35.600002,51.0,100.0,10.0
72.0,114.0,35.600002,52.0,100.0,10.0
74.0,115.0,35.600002,52.0,100.0,10.0
75.0,117.0,35.600002,52.0,100.0,10.0
76.0,121.0,35.600002,53.0,100.0,10.0
76.0,121.0,35.600002,52.0,100.0,10.0
74.0,119.0,35.600002,52.0,100.0,10.0
74.0,118.0,35.600002,51.0,100.0,10.0
73.0,116.0,35.600002,51.0,100.0,9.0
72.0,115.0,35.600002,50.0,100.0,9.0
72.0,115.0,35.600002,50.0,100.0,9.0
72.0,115.0,35.600002,51.0,100.0,9.0
72.0,114.0,35.600002,51.0,100.0,9.0
71.0,114.0,35.600002,51.0,100.0,9.0
70.0,113.0,35.600002,51.0,100.0,9.0
70.0,112.0,35.600002,50.0,100.0,9.0
70.0,112.0,35.600002,51.0,100.0,9.0
70.0,111.0,35.600002,51.0,100.0,10.0
69.0,110.0,35.600002,51.0,100.0,10.0
69.0,110.0,35.600002,51.0,100.0,10.0
69.0,110.0,35.600002,51.0,100.0,10.0
69.0,109.0,35.600002,51.0,100.0,10.0
70.0,111.0,35.600002,51.0,100.0,10.0
69.0,110.0,35.600002,51.0,100.0,10.0
69.0,109.0,35.600002,51.0,100.0,10.0
69.0,110.0,35.600002,51.0,100.0,10.0
68.0,109.0,35.600002,51.0,100.0,9.0
68.0,108.0,35.600002,51.0,100.0,9.0
68.0,109.0,35.600002,51.0,100.0,9.0
68.0,109.0,35.600002,51.0,100.0,9.0
68.0,108.0,35.600002,50.0,100.0,9.0
69.0,109.0,35.600002,50.0,100.0,9.0
68.0,110.0,35.600002,50.0,100.0,9.0
68.0,109.0,35.600002,50.0,100.0,9.0
68.0,109.0,35.600002,50.0,100.0,9.0
68.0,109.0,35.600002,51.0,100.0,19.0
67.0,108.0,35.600002,50.0,100.0,30.0
69.0,109.0,35.600002,51.0,100.0,58.0
72.0,113.0,35.600002,51.0,100.0,38.0
75.0,117.0,35.600002,52.0,100.0,39.0
77.0,120.0,35.600002,52.0,100.0,31.0
78.0,123.0,35.600002,54.0,100.0,27.0
77.0,123.0,35.600002,54.0,100.0,25.0
75.0,122.0,35.600002,53.0,100.0,19.0
74.0,121.0,35.600002,52.0,100.0,17.0
72.0,118.0,35.600002,51.0,100.0,16.0
73.0,116.0,35.600002,51.0,100.0,15.0
73.0,117.0,35.600002,51.0,100.0,14.0
73.0,117.0,35.600002,51.0,100.0,14.0
73.0,118.0,35.600002,51.0,100.0,11.0
72.0,118.0,35.600002,51.0,100.0,10.0
71.0,117.0,35.600002,50.0,100.0,10.0
72.0,116.0,35.600002,50.0,100.0,10.0
72.0,115.0,35.600002,50.0,100.0,10.0
72.0,115.0,35.600002,50.0,100.0,10.0
72.0,116.0,35.600002,50.0,100.0,10.0
71.0,115.0,35.600002,50.0,100.0,10.0
71.0,114.0,35.600002,50.0,100.0,10.0
71.0,114.0,35.600002,50.0,100.0,10.0
71.0,114.0,35.600002,50.0,100.0,10.0
70.0,112.0,35.600002,51.0,100.0,10.0
70.0,112.0,35.600002,51.0,100.0,10.0
70.0,112.0,35.600002,51.0,100.0,10.0
70.0,111.0,35.600002,51.0,100.0,10.0
69.0,112.0,35.600002,51.0,100.0,10.0
69.0,111.0,35.600002,51.0,100.0,9.0
68.0,110.0,35.600002,51.0,100.0,9.0
68.0,110.0,35.600002,51.0,100.0,9.0
68.0,109.0,35.600002,51.0,100.0,10.0
68.0,108.0,35.600002,51.0,100.0,10.0
67.0,109.0,35.600002,51.0,100.0,10.0
67.0,108.0,35.600002,51.0,100.0,9.0
67.0,108.0,35.600002,51.0,100.0,9.0
67.0,108.0,35.600002,51.0,100.0,10.0
67.0,108.0,35.600002,51.0,100.0,13.0
68.0,108.0,35.600002,51.0,100.0,27.0
70.0,110.0,35.600002,52.0,100.0,36.0
74.0,116.0,35.600002,52.0,100.0,35.0
78.0,121.0,35.600002,54.0,100.0,28.0
81.0,126.0,35.600002,55.0,100.0,23.0
80.0,128.0,,56.0,100.0,19.0
79.0,126.0,35.600002,56.0,100.0,19.0
78.0,126.0,35.600002,55.0,100.0,15.0
76.0,124.0,35.600002,54.0,100.0,14.0
75.0,121.0,35.600002,53.0,100.0,14.0
76.0,122.0,35.600002,53.0,100.0,11.0
76.0,122.0,35.600002,53.0,100.0,11.0
77.0,123.0,35.600002,53.0,100.0,11.0
77.0,124.0,35.600002,54.0,100.0,11.0
77.0,123.0,35.600002,54.0,100.0,9.0
75.0,122.0,35.600002,53.0,100.0,9.0
75.0,121.0,35.600002,53.0,100.0,9.0
75.0,120.0,35.600002,53.0,100.0,9.0
74.0,119.0,35.600002,52.0,100.0,9.0
74.0,120.0,35.600002,52.0,100.0,9.0
74.0,119.0,35.600002,52.0,100.0,9.0
74.0,119.0,35.600002,52.0,100.0,9.0
75.0,121.0,35.600002,52.0,100.0,9.0
76.0,121.0,35.600002,53.0,100.0,10.0
75.0,121.0,35.600002,52.0,100.0,10.0
75.0,121.0,35.600002,52.0,100.0,10.0
77.0,122.0,35.600002,53.0,100.0,9.0
77.0,123.0,35.600002,53.0,100.0,9.0
78.0,125.0,35.600002,53.0,100.0,9.0
78.0,125.0,35.600002,53.0,100.0,10.0
77.0,124.0,35.600002,54.0,100.0,10.0
79.0,125.0,35.600002,54.0,100.0,10.0
79.0,126.0,35.600002,55.0,100.0,10.0
80.0,127.0,35.600002,55.0,100.0,10.0
80.0,128.0,35.600002,55.0,100.0,10.0
80.0,127.0,35.600002,55.0,100.0,9.0
80.0,127.0,35.600002,54.0,100.0,9.0
81.0,128.0,35.600002,54.0,100.0,9.0
80.0,127.0,35.600002,54.0,100.0,10.0
80.0,127.0,35.600002,54.0,100.0,10.0
82.0,128.0,35.600002,54.0,100.0,10.0
83.0,130.0,35.600002,55.0,100.0,10.0
84.0,132.0,35.600002,56.0,100.0,10.0
84.0,132.0,35.600002,55.0,100.0,20.0
80.0,131.0,35.600002,54.0,100.0,20.0
80.0,128.0,35.600002,53.0,100.0,30.0
83.0,130.0,35.600002,53.0,100.0,33.0
85.0,133.0,35.7,53.0,100.0,33.0
85.0,134.0,35.7,53.0,100.0,31.0
85.0,135.0,35.7,54.0,100.0,27.0
85.0,134.0,35.7,54.0,100.0,22.0
86.0,135.0,35.7,54.0,100.0,22.0
86.0,136.0,35.7,54.0,100.0,19.0
85.0,135.0,35.7,54.0,100.0,17.0
84.0,134.0,35.7,53.0,100.0,17.0
85.0,134.0,35.7,53.0,100.0,14.0
86.0,134.0,35.7,53.0,100.0,12.0
86.0,135.0,35.7,53.0,100.0,12.0
86.0,137.0,35.7,54.0,100.0,10.0
85.0,135.0,35.7,54.0,100.0,10.0
84.0,134.0,35.7,54.0,100.0,10.0
84.0,134.0,35.7,53.0,100.0,10.0
84.0,134.0,35.7,53.0,100.0,10.0
83.0,133.0,35.7,53.0,100.0,9.0
83.0,132.0,35.7,52.0,100.0,9.0
85.0,132.0,35.7,52.0,100.0,10.0
86.0,133.0,35.7,53.0,100.0,11.0
86.0,134.0,35.7,53.0,100.0,11.0
85.0,135.0,35.7,54.0,100.0,11.0
83.0,134.0,35.7,55.0,100.0,13.0
85.0,134.0,35.7,55.0,100.0,19.0
84.0,133.0,35.7,55.0,100.0,19.0
85.0,133.0,35.7,56.0,100.0,18.0
85.0,134.0,35.7,56.0,100.0,18.0
85.0,133.0,35.7,57.0,100.0,15.0
86.0,133.0,35.7,58.0,100.0,15.0
86.0,134.0,35.7,58.0,100.0,14.0
86.0,135.0,35.7,58.0,100.0,13.0
86.0,134.0,35.7,58.0,100.0,13.0
87.0,135.0,35.7,58.0,100.0,11.0
86.0,134.0,35.7,58.0,100.0,11.0
85.0,134.0,35.7,58.0,100.0,11.0
86.0,134.0,35.7,58.0,100.0,11.0
87.0,135.0,35.7,59.0,100.0,13.0
87.0,135.0,35.7,59.0,100.0,13.0
87.0,137.0,35.7,59.0,100.0,13.0
86.0,136.0,35.7,59.0,100.0,12.0
87.0,135.0,35.7,60.0,100.0,12.0
88.0,137.0,35.7,60.0,100.0,12.0
88.0,137.0,35.7,60.0,100.0,13.0
87.0,137.0,35.7,60.0,100.0,13.0
87.0,138.0,35.7,59.0,100.0,13.0
87.0,136.0,35.7,59.0,100.0,21.0
86.0,134.0,35.7,59.0,100.0,32.0
87.0,135.0,35.7,59.0,100.0,28.0
87.0,135.0,35.7,61.0,100.0,23.0
87.0,135.0,35.7,61.0,100.0,19.0
87.0,136.0,35.7,61.0,100.0,19.0
86.0,134.0,35.7,62.0,100.0,19.0
86.0,134.0,35.7,62.0,100.0,17.0
87.0,136.0,35.7,62.0,100.0,14.0
86.0,135.0,35.7,62.0,100.0,13.0
87.0,134.0,35.7,62.0,100.0,13.0
87.0,136.0,35.7,61.0,100.0,12.0
86.0,135.0,35.7,61.0,100.0,14.0
86.0,135.0,35.7,60.0,100.0,14.0
86.0,137.0,35.7,60.0,100.0,14.0
85.0,134.0,35.7,60.0,100.0,14.0
85.0,133.0,35.7,59.0,100.0,14.0
85.0,135.0,35.7,58.0,100.0,13.0
84.0,133.0,35.7,58.0,100.0,13.0
85.0,132.0,35.7,58.0,100.0,13.0
85.0,135.0,35.7,58.0,100.0,11.0
86.0,135.0,35.7,58.0,100.0,11.0
85.0,135.0,35.7,59.0,100.0,11.0
86.0,135.0,35.7,58.0,100.0,11.0
83.0,133.0,35.7,58.0,100.0,10.0
85.0,133.0,35.7,57.0,100.0,10.0
86.0,136.0,35.7,57.0,100.0,10.0
86.0,136.0,35.7,58.0,100.0,12.0
86.0,135.0,35.7,57.0,100.0,12.0
85.0,136.0,35.7,57.0,100.0,14.0
85.0,135.0,35.7,57.0,100.0,13.0
85.0,134.0,35.7,56.0,100.0,13.0
84.0,135.0,35.7,55.0,100.0,13.0
84.0,134.0,35.7,55.0,100.0,13.0
85.0,134.0,35.7,55.0,100.0,15.0
86.0,137.0,35.7,56.0,100.0,13.0
86.0,136.0,35.7,56.0,100.0,13.0
86.0,136.0,35.7,56.0,100.0,13.0
85.0,136.0,35.7,56.0,100.0,13.0
84.0,134.0,35.7,55.0,100.0,13.0
84.0,134.0,35.7,55.0,100.0,13.0
85.0,135.0,35.7,54.0,100.0,13.0
84.0,134.0,35.7,54.0,100.0,12.0
84.0,134.0,35.7,54.0,100.0,12.0
84.0,135.0,35.7,54.0,100.0,12.0
83.0,134.0,35.7,54.0,100.0,10.0
84.0,133.0,35.7,54.0,100.0,10.0
85.0,135.0,35.7,54.0,100.0,10.0
85.0,135.0,35.7,54.0,100.0,10.0
85.0,134.0,35.7,55.0,100.0,9.0
85.0,136.0,35.7,55.0,100.0,10.0
84.0,135.0,35.7,55.0,100.0,10.0
84.0,135.0,35.7,54.0,100.0,10.0
84.0,135.0,35.7,54.0,100.0,10.0
83.0,134.0,35.7,54.0,100.0,13.0
83.0,133.0,35.7,54.0,100.0,13.0
86.0,136.0,35.7,54.0,100.0,14.0
86.0,138.0,35.7,54.0,100.0,12.0
86.0,139.0,35.7,54.0,100.0,12.0
86.0,139.0,35.7,54.0,100.0,12.0
82.0,136.0,35.7,53.0,100.0,13.0
81.0,135.0,35.7,53.0,100.0,13.0
81.0,133.0,35.7,52.0,100.0,12.0
81.0,134.0,35.7,52.0,100.0,12.0
79.0,133.0,35.7,52.0,100.0,12.0
80.0,134.0,35.7,52.0,100.0,12.0
80.0,133.0,35.7,52.0,100.0,9.0
79.0,132.0,35.7,52.0,100.0,9.0
79.0,132.0,35.7,52.0,100.0,9.0
80.0,132.0,35.7,52.0,100.0,9.0
80.0,132.0,35.7,52.0,100.0,10.0
82.0,133.0,35.7,53.0,100.0,10.0
82.0,134.0,35.7,53.0,100.0,9.0
81.0,133.0,35.7,53.0,100.0,9.0
81.0,133.0,35.7,53.0,100.0,9.0
80.0,132.0,35.7,53.0,100.0,9.0
80.0,130.0,35.7,53.0,100.0,10.0
80.0,130.0,35.7,53.0,100.0,10.0
80.0,130.0,35.7,53.0,100.0,10.0
79.0,129.0,35.7,52.0,100.0,10.0
78.0,128.0,35.7,52.0,100.0,10.0
78.0,127.0,35.7,52.0,100.0,10.0
77.0,127.0,35.7,52.0,100.0,10.0
78.0,127.0,35.7,52.0,100.0,10.0
78.0,127.0,35.7,53.0,100.0,10.0
77.0,126.0,35.7,52.0,100.0,10.0
77.0,127.0,35.7,53.0,100.0,10.0
77.0,126.0,35.7,52.0,100.0,10.0
77.0,126.0,35.7,52.0,100.0,10.0
77.0,126.0,35.7,52.0,100.0,10.0
77.0,127.0,35.7,51.0,100.0,9.0
77.0,126.0,35.7,51.0,100.0,9.0
77.0,126.0,35.7,51.0,100.0,9.0
78.0,129.0,35.7,51.0,100.0,10.0
80.0,130.0,35.7,50.0,100.0,10.0
80.0,133.0,35.7,50.0,100.0,11.0
79.0,133.0,35.7,50.0,100.0,11.0
79.0,132.0,35.7,49.0,100.0,11.0
78.0,130.0,35.7,49.0,100.0,11.0
77.0,129.0,35.7,49.0,100.0,13.0
77.0,128.0,35.7,49.0,100.0,13.0
77.0,128.0,35.7,49.0,100.0,13.0
76.0,127.0,35.7,49.0,100.0,13.0
76.0,127.0,35.7,49.0,100.0,12.0
78.0,128.0,35.7,49.0,100.0,12.0
79.0,131.0,35.7,50.0,100.0,12.0
80.0,132.0,35.7,50.0,100.0,12.0
79.0,134.0,35.7,49.0,100.0,11.0
79.0,134.0,35.7,49.0,100.0,10.0
77.0,131.0,35.7,49.0,100.0,9.0
77.0,130.0,35.7,48.0,100.0,9.0
77.0,129.0,35.7,48.0,100.0,9.0
77.0,129.0,35.7,49.0,100.0,9.0
77.0,129.0,35.7,49.0,100.0,10.0
77.0,128.0,35.7,49.0,100.0,10.0
77.0,127.0,35.7,50.0,100.0,18.0
80.0,130.0,35.7,50.0,100.0,18.0
82.0,134.0,35.7,51.0,100.0,22.0
82.0,135.0,35.7,52.0,100.0,26.0
85.0,139.0,35.7,53.0,100.0,26.0
88.0,140.0,35.7,54.0,100.0,23.0
87.0,142.0,35.7,54.0,100.0,23.0
86.0,143.0,35.7,53.0,100.0,24.0
85.0,143.0,,52.0,100.0,98.0
82.0,139.0,35.7,52.0,100.0,62.0
81.0,136.0,35.7,50.0,100.0,60.0
81.0,136.0,35.7,50.0,100.0,41.0
80.0,135.0,35.7,50.0,100.0,34.0
80.0,135.0,35.7,50.0,100.0,29.0
80.0,134.0,35.7,49.0,100.0,23.0
80.0,134.0,35.7,49.0,100.0,21.0
80.0,133.0,35.7,49.0,100.0,19.0
80.0,133.0,35.7,49.0,100.0,20.0
80.0,134.0,35.7,49.0,100.0,32.0
81.0,135.0,35.7,49.0,100.0,32.0
81.0,135.0,35.7,49.0,100.0,34.0
81.0,135.0,35.7,49.0,100.0,46.0
81.0,135.0,35.7,49.0,100.0,33.0
80.0,135.0,35.7,49.0,100.0,49.0
80.0,134.0,35.7,48.0,100.0,41.0
80.0,133.0,35.7,48.0,100.0,42.0
79.0,133.0,35.7,48.0,100.0,36.0
80.0,133.0,35.7,49.0,100.0,39.0
81.0,134.0,35.7,49.0,100.0,30.0
79.0,134.0,35.7,49.0,100.0,27.0
80.0,134.0,35.7,49.0,100.0,24.0
80.0,134.0,35.7,49.0,100.0,23.0
80.0,133.0,35.7,49.0,100.0,26.0
80.0,133.0,35.7,49.0,100.0,69.0
80.0,134.0,35.7,49.0,100.0,80.0
79.0,134.0,35.7,49.0,100.0,50.0
79.0,134.0,35.7,49.0,100.0,44.0
78.0,133.0,35.7,49.0,100.0,33.0
78.0,131.0,35.7,49.0,100.0,21.0
77.0,131.0,35.7,49.0,100.0,21.0
78.0,130.0,35.7,49.0,100.0,18.0
78.0,131.0,35.7,49.0,100.0,22.0
78.0,131.0,35.7,49.0,100.0,102.0
78.0,131.0,35.7,49.0,100.0,66.0
78.0,131.0,35.7,49.0,100.0,58.0
77.0,131.0,35.7,49.0,100.0,45.0
78.0,131.0,35.7,49.0,100.0,43.0
78.0,131.0,35.7,49.0,100.0,36.0
77.0,130.0,35.7,49.0,100.0,28.0
78.0,130.0,35.7,50.0,100.0,23.0
77.0,130.0,35.7,50.0,100.0,23.0
77.0,130.0,35.7,50.0,100.0,26.0
77.0,129.0,35.7,50.0,100.0,79.0
77.0,129.0,35.7,50.0,100.0,50.0
77.0,130.0,35.7,50.0,100.0,37.0
78.0,130.0,35.7,50.0,100.0,31.0
78.0,131.0,35.7,50.0,100.0,28.0
77.0,130.0,35.7,50.0,100.0,27.0
78.0,130.0,35.7,50.0,100.0,26.0
78.0,130.0,,50.0,100.0,30.0
79.0,132.0,35.7,50.0,100.0,25.0
79.0,132.0,35.7,51.0,100.0,21.0
79.0,132.0,35.7,51.0,100.0,21.0
78.0,132.0,35.7,51.0,100.0,22.0
79.0,132.0,35.7,51.0,100.0,21.0
79.0,132.0,35.7,51.0,100.0,23.0
80.0,132.0,35.7,51.0,100.0,19.0
78.0,133.0,35.7,51.0,100.0,19.0
79.0,132.0,35.7,51.0,100.0,18.0
79.0,132.0,35.7,51.0,99.0,18.0
80.0,134.0,35.7,51.0,99.0,19.0
81.0,135.0,35.7,52.0,99.0,16.0
80.0,134.0,35.7,51.0,99.0,16.0
81.0,133.0,35.7,52.0,100.0,13.0
81.0,134.0,35.7,52.0,100.0,12.0
80.0,134.0,35.7,51.0,100.0,13.0
80.0,134.0,35.7,51.0,100.0,14.0
80.0,134.0,35.7,51.0,100.0,38.0
80.0,133.0,35.7,50.0,100.0,121.0
80.0,134.0,35.7,50.0,100.0,112.0
80.0,133.0,35.7,50.0,100.0,58.0
82.0,134.0,35.7,51.0,100.0,46.0
84.0,137.0,35.7,52.0,100.0,42.0
86.0,138.0,35.7,52.0,100.0,27.0
85.0,142.0,35.7,52.0,100.0,22.0
86.0,140.0,35.7,52.0,100.0,18.0
84.0,139.0,35.7,51.0,100.0,17.0
83.0,137.0,35.7,50.0,100.0,18.0
83.0,137.0,35.7,49.0,100.0,15.0
82.0,136.0,35.7,49.0,100.0,14.0
82.0,136.0,35.7,49.0,100.0,14.0
82.0,137.0,35.7,49.0,100.0,14.0
83.0,137.0,35.7,49.0,100.0,14.0
82.0,137.0,35.7,49.0,100.0,16.0
84.0,137.0,35.8,58.0,100.0,139.0
84.0,138.0,35.8,82.0,100.0,86.0
86.0,140.0,35.8,69.0,100.0,56.0
87.0,143.0,35.8,67.0,100.0,50.0
87.0,144.0,35.8,57.0,100.0,75.0
86.0,143.0,35.8,52.0,100.0,53.0
86.0,142.0,35.8,51.0,100.0,43.0
85.0,142.0,35.8,51.0,100.0,32.0
84.0,141.0,35.8,50.0,100.0,28.0
84.0,140.0,35.8,50.0,100.0,70.0
84.0,139.0,35.8,50.0,100.0,80.0
84.0,139.0,35.8,50.0,100.0,61.0
85.0,140.0,35.8,50.0,100.0,48.0
87.0,142.0,35.8,50.0,100.0,70.0
87.0,144.0,35.8,50.0,100.0,77.0
87.0,144.0,35.8,50.0,100.0,72.0
86.0,143.0,,51.0,100.0,66.0
86.0,142.0,35.8,51.0,100.0,63.0
87.0,143.0,35.8,51.0,100.0,38.0
87.0,145.0,35.8,51.0,100.0,30.0
85.0,144.0,35.8,50.0,100.0,34.0
85.0,142.0,35.8,50.0,100.0,79.0
83.0,140.0,35.8,50.0,100.0,61.0
82.0,138.0,35.8,49.0,100.0,63.0
82.0,137.0,35.8,49.0,100.0,94.0
81.0,136.0,35.8,49.0,100.0,87.0
82.0,136.0,35.8,49.0,100.0,50.0
82.0,137.0,35.8,49.0,100.0,35.0
82.0,138.0,35.8,48.0,100.0,31.0
84.0,138.0,35.8,48.0,99.0,25.0
82.0,137.0,35.8,47.0,100.0,22.0
79.0,132.0,35.8,47.0,99.0,22.0
77.0,130.0,35.8,46.0,99.0,18.0
76.0,128.0,35.8,47.0,99.0,13.0
74.0,126.0,35.8,47.0,99.0,13.0
75.0,126.0,35.8,46.0,99.0,21.0
74.0,125.0,35.8,45.0,99.0,20.0
73.0,123.0,35.8,45.0,99.0,20.0
74.0,123.0,35.8,46.0,99.0,20.0
76.0,126.0,35.8,46.0,100.0,25.0
78.0,127.0,35.8,47.0,100.0,21.0
78.0,128.0,35.8,48.0,100.0,19.0
79.0,129.0,,48.0,100.0,17.0
78.0,129.0,35.8,48.0,100.0,16.0
77.0,127.0,35.8,48.0,100.0,17.0
74.0,125.0,35.8,47.0,100.0,17.0
73.0,123.0,35.8,46.0,100.0,21.0
73.0,121.0,35.8,46.0,100.0,32.0
75.0,122.0,35.8,46.0,100.0,33.0
76.0,124.0,35.8,46.0,100.0,32.0
75.0,122.0,35.8,47.0,100.0,31.0
76.0,123.0,35.8,48.0,100.0,24.0
78.0,125.0,35.8,49.0,100.0,18.0
79.0,127.0,35.8,50.0,100.0,19.0
80.0,128.0,35.8,52.0,100.0,19.0
80.0,129.0,35.8,53.0,100.0,15.0
80.0,129.0,35.8,53.0,100.0,32.0
80.0,129.0,35.8,55.0,100.0,32.0
80.0,128.0,35.8,55.0,100.0,49.0
80.0,128.0,,55.0,100.0,80.0
80.0,129.0,35.8,56.0,100.0,77.0
80.0,129.0,35.8,57.0,100.0,58.0
81.0,130.0,35.8,57.0,100.0,43.0
81.0,130.0,35.8,57.0,100.0,51.0
80.0,129.0,35.8,57.0,100.0,72.0
79.0,128.0,35.8,56.0,100.0,119.0
78.0,127.0,35.8,56.0,100.0,100.0
77.0,125.0,35.8,56.0,100.0,97.0
77.0,124.0,35.8,56.0,100.0,121.0
76.0,124.0,35.8,57.0,100.0,74.0
76.0,124.0,35.8,57.0,100.0,59.0
76.0,123.0,35.8,58.0,100.0,54.0
77.0,124.0,35.8,58.0,100.0,46.0
77.0,124.0,35.8,58.0,100.0,46.0
77.0,123.0,35.8,59.0,100.0,46.0
77.0,123.0,35.8,59.0,100.0,61.0
76.0,122.0,35.8,60.0,100.0,62.0
76.0,122.0,35.8,60.0,100.0,42.0
75.0,121.0,35.8,60.0,100.0,39.0
74.0,120.0,35.8,59.0,100.0,37.0
74.0,119.0,35.8,59.0,100.0,36.0
73.0,119.0,35.8,59.0,100.0,36.0
71.0,119.0,35.8,59.0,100.0,33.0
71.0,116.0,35.8,58.0,100.0,31.0
70.0,115.0,35.8,58.0,100.0,118.0
69.0,112.0,35.8,58.0,100.0,83.0
69.0,112.0,35.8,58.0,100.0,48.0
68.0,113.0,35.8,58.0,100.0,35.0
68.0,112.0,35.8,58.0,100.0,30.0
68.0,111.0,35.8,58.0,100.0,27.0
69.0,111.0,35.8,58.0,100.0,22.0
69.0,112.0,35.8,60.0,100.0,19.0
68.0,114.0,35.8,60.0,100.0,19.0
70.0,114.0,35.8,60.0,100.0,14.0
70.0,113.0,35.8,60.0,100.0,13.0
70.0,113.0,35.8,60.0,100.0,13.0
70.0,113.0,35.8,60.0,100.0,10.0
70.0,113.0,35.8,60.0,100.0,10.0
71.0,113.0,35.8,61.0,100.0,10.0
71.0,114.0,35.8,61.0,100.0,10.0
70.0,114.0,35.8,61.0,100.0,13.0
69.0,112.0,35.8,60.0,99.0,13.0
69.0,111.0,35.8,59.0,99.0,14.0
67.0,109.0,35.8,58.0,99.0,13.0
66.0,109.0,35.8,57.0,100.0,12.0
67.0,109.0,35.8,57.0,100.0,12.0
68.0,109.0,35.8,58.0,100.0,12.0
68.0,110.0,35.8,59.0,100.0,13.0
70.0,112.0,35.8,60.0,100.0,12.0
70.0,113.0,35.8,62.0,99.0,12.0
72.0,114.0,,63.0,99.0,12.0
72.0,116.0,35.8,64.0,99.0,12.0
72.0,116.0,35.8,65.0,99.0,9.0
73.0,117.0,35.8,65.0,99.0,9.0
72.0,118.0,35.8,65.0,99.0,9.0
72.0,117.0,35.8,65.0,99.0,9.0
70.0,118.0,35.8,64.0,99.0,10.0
68.0,115.0,35.8,63.0,99.0,11.0
69.0,114.0,35.8,62.0,99.0,19.0
68.0,112.0,35.7,61.0,99.0,33.0
68.0,113.0,35.7,62.0,99.0,31.0
69.0,113.0,35.7,63.0,99.0,27.0
69.0,114.0,35.7,64.0,99.0,25.0
70.0,116.0,35.7,65.0,99.0,21.0
70.0,116.0,35.7,66.0,99.0,19.0
70.0,116.0,35.7,66.0,99.0,16.0
70.0,117.0,35.7,66.0,99.0,16.0
69.0,116.0,35.7,66.0,99.0,13.0
69.0,117.0,35.7,66.0,99.0,13.0
69.0,116.0,35.7,67.0,99.0,11.0
68.0,116.0,35.7,67.0,99.0,10.0
68.0,116.0,35.7,67.0,99.0,10.0
68.0,116.0,35.7,67.0,99.0,11.0
68.0,116.0,35.7,68.0,99.0,11.0
67.0,115.0,35.7,68.0,99.0,12.0
67.0,115.0,35.7,68.0,99.0,12.0
66.0,115.0,35.7,68.0,99.0,12.0
66.0,114.0,35.7,67.0,99.0,12.0
65.0,113.0,35.7,66.0,99.0,15.0
62.0,111.0,35.7,63.0,99.0,16.0
60.0,108.0,35.7,61.0,99.0,22.0
59.0,106.0,35.7,59.0,99.0,27.0
58.0,107.0,35.7,58.0,99.0,27.0
58.0,107.0,35.7,59.0,99.0,20.0
58.0,106.0,35.7,60.0,99.0,18.0
58.0,105.0,35.7,60.0,99.0,18.0
58.0,106.0,35.7,61.0,99.0,18.0
58.0,105.0,35.7,61.0,99.0,16.0
60.0,108.0,35.7,62.0,99.0,16.0
60.0,108.0,35.7,63.0,100.0,15.0
61.0,108.0,35.7,65.0,100.0,15.0
60.0,107.0,35.7,65.0,100.0,17.0
60.0,106.0,35.7,65.0,99.0,16.0
59.0,105.0,35.7,64.0,99.0,16.0
58.0,103.0,,63.0,99.0,12.0
58.0,103.0,35.7,62.0,99.0,12.0
60.0,105.0,,63.0,99.0,12.0
61.0,106.0,35.7,64.0,99.0,12.0
62.0,106.0,35.7,64.0,99.0,12.0
59.0,105.0,35.7,64.0,99.0,12.0
59.0,104.0,35.7,63.0,99.0,12.0
60.0,104.0,35.7,64.0,99.0,12.0
60.0,105.0,35.7,65.0,99.0,11.0
60.0,105.0,35.7,67.0,99.0,11.0
61.0,105.0,35.7,68.0,99.0,12.0
61.0,105.0,35.7,68.0,99.0,12.0
61.0,105.0,35.7,68.0,99.0,15.0
60.0,105.0,35.7,68.0,99.0,15.0
62.0,105.0,35.7,68.0,99.0,18.0
62.0,106.0,35.7,69.0,99.0,17.0
62.0,107.0,35.7,69.0,99.0,17.0
62.0,107.0,35.7,70.0,99.0,16.0
62.0,106.0,35.7,71.0,99.0,15.0
63.0,107.0,35.7,71.0,99.0,15.0
62.0,107.0,35.7,72.0,99.0,13.0
62.0,107.0,35.7,71.0,99.0,13.0
62.0,107.0,35.7,71.0,99.0,11.0
61.0,106.0,35.7,71.0,99.0,11.0
61.0,107.0,35.7,71.0,99.0,11.0
61.0,106.0,35.7,71.0,99.0,11.0
61.0,106.0,35.7,71.0,99.0,11.0
60.0,106.0,35.7,72.0,99.0,12.0
59.0,105.0,35.7,72.0,99.0,12.0
60.0,106.0,35.7,71.0,99.0,12.0
59.0,104.0,35.7,71.0,99.0,12.0
58.0,104.0,35.7,71.0,99.0,12.0
57.0,103.0,35.7,69.0,99.0,12.0
57.0,102.0,35.7,69.0,99.0,11.0
57.0,104.0,35.7,69.0,99.0,11.0
56.0,103.0,35.7,69.0,99.0,12.0
57.0,103.0,35.7,69.0,99.0,12.0
57.0,104.0,35.7,69.0,99.0,12.0
57.0,103.0,35.7,70.0,99.0,11.0
57.0,103.0,35.7,71.0,99.0,11.0
56.0,102.0,35.7,71.0,99.0,11.0
56.0,101.0,35.7,71.0,99.0,11.0
56.0,101.0,35.7,72.0,99.0,11.0
56.0,102.0,35.7,70.0,99.0,12.0
57.0,102.0,35.7,68.0,99.0,12.0
56.0,103.0,35.7,65.0,99.0,13.0
57.0,106.0,35.7,61.0,99.0,20.0
53.0,103.0,35.7,60.0,99.0,33.0
51.0,101.0,35.7,60.0,99.0,47.0
53.0,101.0,35.7,60.0,99.0,37.0
51.0,105.0,35.7,60.0,99.0,32.0
50.0,99.0,35.7,60.0,99.0,34.0
51.0,99.0,35.7,61.0,99.0,27.0
53.0,101.0,35.7,62.0,99.0,27.0
55.0,104.0,35.7,66.0,99.0,21.0
55.0,104.0,35.7,68.0,100.0,17.0
56.0,104.0,35.7,69.0,100.0,17.0
55.0,103.0,35.7,70.0,100.0,15.0
56.0,103.0,35.7,70.0,100.0,15.0
56.0,103.0,35.7,71.0,100.0,15.0
56.0,103.0,35.7,71.0,100.0,12.0
57.0,103.0,35.7,71.0,100.0,12.0
57.0,104.0,35.7,72.0,100.0,11.0
57.0,104.0,35.7,72.0,100.0,11.0
58.0,106.0,35.7,72.0,100.0,11.0
59.0,106.0,35.7,73.0,100.0,11.0
59.0,106.0,35.7,73.0,100.0,12.0
59.0,107.0,35.7,74.0,99.0,12.0
60.0,106.0,35.7,74.0,99.0,11.0
59.0,107.0,35.7,74.0,99.0,11.0
59.0,106.0,35.7,74.0,99.0,11.0
60.0,106.0,35.7,74.0,99.0,11.0
59.0,107.0,35.7,74.0,99.0,11.0
59.0,107.0,35.7,74.0,99.0,11.0
59.0,107.0,35.7,74.0,99.0,11.0
59.0,107.0,35.7,75.0,99.0,11.0
60.0,107.0,35.7,74.0,99.0,11.0
59.0,107.0,35.7,74.0,99.0,12.0
60.0,106.0,35.7,74.0,99.0,12.0
57.0,107.0,35.7,74.0,99.0,12.0
55.0,105.0,35.7,68.0,99.0,12.0
55.0,105.0,35.7,66.0,99.0,12.0
54.0,106.0,35.7,65.0,99.0,12.0
55.0,105.0,35.7,66.0,100.0,12.0
55.0,106.0,35.7,67.0,100.0,12.0
56.0,106.0,35.7,69.0,100.0,12.0
57.0,106.0,35.7,69.0,100.0,12.0
56.0,106.0,35.7,69.0,100.0,11.0
55.0,104.0,35.7,68.0,100.0,11.0
55.0,104.0,35.7,68.0,100.0,14.0
56.0,105.0,35.7,69.0,100.0,14.0
54.0,105.0,35.7,67.0,100.0,15.0
52.0,103.0,35.7,66.0,100.0,16.0
52.0,102.0,35.7,64.0,100.0,16.0
54.0,104.0,35.7,64.0,100.0,17.0
53.0,104.0,35.7,65.0,100.0,16.0
52.0,103.0,35.7,65.0,100.0,20.0
51.0,102.0,35.7,64.0,100.0,25.0
51.0,100.0,35.7,62.0,100.0,38.0
50.0,100.0,35.7,62.0,100.0,33.0
50.0,99.0,35.7,63.0,100.0,28.0
51.0,98.0,35.7,64.0,100.0,22.0
53.0,99.0,35.7,68.0,100.0,19.0
54.0,100.0,35.7,71.0,100.0,19.0
55.0,102.0,35.7,73.0,100.0,16.0
55.0,102.0,35.7,74.0,99.0,15.0
54.0,102.0,35.7,73.0,100.0,14.0
51.0,100.0,35.7,69.0,100.0,16.0
51.0,97.0,35.7,67.0,100.0,21.0
53.0,98.0,35.7,66.0,100.0,25.0
54.0,99.0,35.7,68.0,100.0,25.0
52.0,100.0,35.7,69.0,100.0,27.0
53.0,99.0,35.7,69.0,100.0,24.0
55.0,99.0,35.7,69.0,100.0,20.0
57.0,101.0,35.7,73.0,100.0,18.0
57.0,101.0,35.7,75.0,99.0,16.0
57.0,101.0,35.7,75.0,100.0,15.0
57.0,101.0,35.7,74.0,100.0,15.0
56.0,100.0,35.7,73.0,100.0,16.0
56.0,100.0,35.7,72.0,99.0,16.0
57.0,99.0,35.7,72.0,99.0,15.0
57.0,98.0,35.7,72.0,99.0,18.0
57.0,99.0,35.7,73.0,99.0,17.0
57.0,99.0,35.7,74.0,99.0,16.0
58.0,99.0,35.7,74.0,99.0,18.0
56.0,98.0,35.7,72.0,99.0,17.0
55.0,96.0,35.7,70.0,99.0,17.0
55.0,95.0,35.7,69.0,99.0,16.0
55.0,94.0,35.7,70.0,99.0,15.0
56.0,95.0,35.7,71.0,99.0,16.0
56.0,96.0,35.7,72.0,99.0,16.0
56.0,96.0,35.7,72.0,99.0,14.0
57.0,96.0,35.7,73.0,99.0,13.0
57.0,96.0,35.7,74.0,99.0,13.0
57.0,97.0,35.600002,74.0,99.0,13.0
57.0,97.0,35.600002,75.0,99.0,15.0
58.0,97.0,35.600002,75.0,99.0,15.0
58.0,98.0,35.600002,76.0,99.0,15.0
58.0,98.0,35.600002,76.0,99.0,15.0
58.0,99.0,35.600002,75.0,99.0,16.0
57.0,98.0,35.600002,75.0,99.0,16.0
57.0,97.0,35.600002,74.0,99.0,16.0
56.0,97.0,35.600002,74.0,99.0,15.0
56.0,97.0,35.600002,74.0,99.0,15.0
57.0,98.0,35.600002,75.0,99.0,15.0
57.0,98.0,35.600002,75.0,99.0,12.0
57.0,98.0,35.600002,75.0,99.0,12.0
56.0,98.0,35.600002,75.0,99.0,12.0
56.0,97.0,35.600002,75.0,99.0,12.0
57.0,98.0,35.600002,74.0,99.0,12.0
56.0,98.0,35.600002,75.0,99.0,12.0
57.0,99.0,35.600002,75.0,99.0,11.0
57.0,100.0,35.600002,76.0,99.0,11.0
56.0,100.0,35.600002,76.0,99.0,11.0
56.0,100.0,35.600002,73.0,99.0,12.0
55.0,99.0,35.600002,71.0,99.0,11.0
55.0,97.0,35.600002,70.0,99.0,11.0
55.0,98.0,35.600002,70.0,99.0,11.0
55.0,98.0,35.600002,71.0,99.0,11.0
55.0,100.0,35.600002,70.0,99.0,11.0
55.0,98.0,35.600002,70.0,99.0,12.0
55.0,98.0,35.600002,70.0,99.0,12.0
56.0,100.0,35.600002,72.0,99.0,11.0
57.0,100.0,35.600002,73.0,99.0,11.0
57.0,102.0,35.600002,74.0,99.0,11.0
57.0,102.0,35.600002,74.0,99.0,12.0
57.0,101.0,35.600002,73.0,99.0,12.0
56.0,102.0,35.600002,73.0,99.0,12.0
56.0,100.0,35.600002,73.0,99.0,12.0
56.0,101.0,35.600002,72.0,99.0,12.0
56.0,101.0,35.600002,72.0,99.0,12.0
57.0,102.0,35.600002,72.0,99.0,12.0
55.0,102.0,35.600002,71.0,99.0,12.0
54.0,100.0,35.600002,69.0,99.0,12.0
54.0,100.0,35.600002,68.0,99.0,12.0
53.0,99.0,35.600002,67.0,99.0,11.0
53.0,99.0,35.600002,67.0,99.0,11.0
53.0,98.0,35.600002,67.0,99.0,16.0
53.0,98.0,35.600002,67.0,99.0,41.0
53.0,99.0,35.600002,68.0,99.0,69.0
53.0,99.0,35.600002,68.0,99.0,61.0
54.0,99.0,35.600002,69.0,99.0,52.0
53.0,99.0,35.600002,69.0,99.0,69.0
53.0,98.0,35.600002,69.0,99.0,65.0
53.0,98.0,35.600002,68.0,99.0,54.0
52.0,98.0,35.600002,68.0,99.0,50.0
53.0,98.0,35.600002,68.0,99.0,44.0
53.0,100.0,35.600002,68.0,99.0,32.0
53.0,99.0,35.600002,68.0,99.0,31.0
54.0,100.0,35.600002,68.0,99.0,28.0
53.0,99.0,35.600002,68.0,99.0,96.0
54.0,99.0,35.600002,67.0,99.0,81.0
54.0,100.0,35.600002,67.0,99.0,62.0
54.0,100.0,35.600002,67.0,99.0,45.0
54.0,100.0,35.600002,67.0,99.0,45.0
53.0,99.0,35.600002,67.0,99.0,29.0
54.0,99.0,35.600002,67.0,99.0,23.0
54.0,100.0,35.600002,69.0,99.0,21.0
54.0,100.0,35.600002,69.0,99.0,17.0
54.0,101.0,35.600002,69.0,99.0,15.0
54.0,100.0,35.600002,69.0,99.0,15.0
53.0,99.0,35.600002,69.0,99.0,15.0
53.0,100.0,35.600002,68.0,99.0,12.0
53.0,99.0,35.600002,67.0,99.0,12.0
53.0,100.0,35.600002,67.0,99.0,11.0
53.0,99.0,35.600002,67.0,99.0,11.0
53.0,98.0,35.600002,68.0,99.0,11.0
53.0,99.0,35.600002,68.0,99.0,12.0
52.0,98.0,35.600002,68.0,99.0,11.0
53.0,98.0,35.600002,68.0,99.0,11.0
52.0,98.0,35.600002,68.0,99.0,21.0
52.0,97.0,35.600002,67.0,99.0,37.0
52.0,98.0,35.600002,67.0,99.0,60.0
51.0,97.0,35.600002,67.0,99.0,56.0
52.0,98.0,35.600002,66.0,99.0,55.0
51.0,97.0,35.600002,66.0,99.0,55.0
51.0,96.0,35.600002,66.0,99.0,37.0
51.0,98.0,35.600002,66.0,99.0,31.0
51.0,96.0,35.600002,66.0,99.0,31.0
52.0,98.0,35.600002,67.0,100.0,28.0
52.0,97.0,35.600002,67.0,100.0,24.0
52.0,97.0,35.600002,67.0,100.0,34.0
51.0,97.0,35.600002,67.0,99.0,34.0
51.0,96.0,35.600002,67.0,99.0,53.0
51.0,97.0,35.600002,67.0,99.0,49.0
50.0,97.0,35.600002,66.0,99.0,40.0
50.0,95.0,35.600002,65.0,99.0,35.0
49.0,94.0,35.600002,64.0,99.0,24.0
48.0,93.0,35.600002,63.0,99.0,98.0
48.0,93.0,35.600002,63.0,100.0,85.0
48.0,92.0,35.600002,63.0,100.0,85.0
49.0,92.0,35.600002,63.0,100.0,56.0
49.0,94.0,35.600002,64.0,100.0,85.0
48.0,93.0,35.600002,63.0,100.0,75.0
48.0,92.0,35.600002,62.0,99.0,46.0
47.0,91.0,35.600002,62.0,99.0,34.0
48.0,91.0,35.600002,62.0,99.0,30.0
48.0,92.0,35.600002,63.0,99.0,24.0
48.0,92.0,35.600002,63.0,99.0,25.0
48.0,93.0,35.600002,63.0,99.0,94.0
47.0,92.0,35.600002,62.0,100.0,78.0
48.0,91.0,35.600002,62.0,100.0,66.0
48.0,92.0,35.600002,63.0,100.0,63.0
48.0,92.0,35.600002,63.0,100.0,45.0
48.0,92.0,35.600002,63.0,100.0,43.0
48.0,92.0,35.600002,62.0,100.0,43.0
46.0,90.0,35.600002,61.0,100.0,39.0
46.0,90.0,35.600002,61.0,99.0,44.0
47.0,89.0,35.600002,61.0,99.0,40.0
48.0,90.0,35.600002,62.0,99.0,42.0
49.0,91.0,35.600002,64.0,99.0,50.0
49.0,91.0,35.600002,65.0,99.0,47.0
50.0,93.0,35.600002,65.0,99.0,49.0
49.0,92.0,35.600002,65.0,99.0,47.0
49.0,92.0,35.600002,65.0,99.0,34.0
48.0,91.0,35.600002,65.0,99.0,29.0
48.0,90.0,35.600002,64.0,99.0,30.0
48.0,91.0,35.600002,64.0,99.0,23.0
48.0,90.0,35.600002,64.0,99.0,21.0
49.0,90.0,35.600002,64.0,99.0,17.0
48.0,90.0,35.600002,64.0,99.0,17.0
49.0,90.0,35.600002,65.0,99.0,19.0
48.0,90.0,35.600002,64.0,100.0,42.0
47.0,88.0,35.600002,63.0,99.0,59.0
46.0,88.0,35.600002,62.0,99.0,45.0
45.0,86.0,35.600002,61.0,99.0,42.0
45.0,85.0,35.600002,60.0,99.0,31.0
45.0,85.0,35.600002,61.0,99.0,35.0
45.0,84.0,35.600002,61.0,99.0,37.0
47.0,85.0,35.600002,62.0,99.0,31.0
47.0,86.0,35.600002,63.0,99.0,42.0
47.0,86.0,35.600002,63.0,99.0,70.0
46.0,86.0,35.600002,63.0,99.0,52.0
47.0,85.0,35.600002,63.0,99.0,49.0
47.0,87.0,35.600002,63.0,99.0,33.0
47.0,86.0,35.600002,64.0,99.0,33.0
47.0,86.0,35.600002,64.0,99.0,26.0
48.0,88.0,35.600002,65.0,99.0,23.0
50.0,88.0,35.600002,67.0,99.0,23.0
51.0,90.0,35.600002,69.0,99.0,18.0
52.0,91.0,35.600002,70.0,99.0,47.0
53.0,93.0,35.600002,71.0,99.0,64.0
54.0,95.0,35.600002,72.0,99.0,41.0
55.0,96.0,35.600002,72.0,99.0,44.0
56.0,98.0,35.600002,73.0,99.0,69.0
56.0,99.0,35.600002,74.0,99.0,89.0
56.0,99.0,35.600002,74.0,99.0,54.0
56.0,101.0,35.600002,74.0,99.0,44.0
55.0,100.0,35.600002,73.0,99.0,39.0
55.0,101.0,35.600002,73.0,99.0,29.0
55.0,101.0,35.600002,73.0,99.0,36.0
55.0,102.0,35.600002,73.0,99.0,63.0
55.0,102.0,35.600002,73.0,99.0,54.0
55.0,101.0,35.600002,73.0,99.0,51.0
55.0,103.0,35.600002,73.0,99.0,86.0
54.0,102.0,35.600002,72.0,99.0,86.0
54.0,102.0,35.600002,72.0,99.0,72.0
54.0,103.0,35.600002,72.0,99.0,47.0
54.0,103.0,35.600002,71.0,99.0,35.0
54.0,103.0,35.600002,69.0,99.0,27.0
53.0,103.0,35.600002,68.0,99.0,26.0
54.0,103.0,35.600002,67.0,99.0,21.0
55.0,104.0,35.600002,68.0,99.0,20.0
54.0,104.0,35.600002,69.0,99.0,22.0
55.0,104.0,35.600002,69.0,99.0,51.0
53.0,103.0,35.600002,76.0,99.0,50.0
52.0,101.0,35.600002,75.0,99.0,38.0
52.0,102.0,35.600002,74.0,99.0,38.0
53.0,102.0,35.600002,66.0,99.0,85.0
54.0,103.0,35.600002,67.0,99.0,50.0
54.0,103.0,35.600002,68.0,99.0,38.0
55.0,103.0,35.600002,68.0,99.0,30.0
55.0,104.0,35.600002,69.0,99.0,25.0
55.0,103.0,35.600002,70.0,99.0,25.0
56.0,104.0,35.600002,71.0,99.0,19.0
55.0,104.0,35.600002,71.0,99.0,17.0
56.0,104.0,35.600002,71.0,99.0,17.0
55.0,105.0,35.600002,70.0,99.0,13.0
55.0,104.0,35.600002,69.0,99.0,78.0
56.0,104.0,35.600002,69.0,99.0,51.0
55.0,104.0,35.600002,68.0,99.0,43.0
55.0,104.0,35.600002,67.0,99.0,53.0
55.0,105.0,35.600002,66.0,99.0,90.0
56.0,104.0,35.600002,67.0,99.0,97.0
56.0,105.0,35.600002,67.0,99.0,72.0
56.0,105.0,35.600002,67.0,99.0,60.0
56.0,104.0,35.600002,67.0,99.0,88.0
55.0,105.0,35.600002,66.0,99.0,122.0
55.0,103.0,35.600002,66.0,99.0,127.0
55.0,104.0,35.600002,66.0,99.0,83.0
55.0,103.0,35.600002,67.0,99.0,36.0
54.0,103.0,35.600002,66.0,99.0,27.0
54.0,102.0,35.600002,66.0,99.0,25.0
53.0,100.0,35.600002,66.0,99.0,23.0
54.0,101.0,35.600002,67.0,99.0,18.0
55.0,102.0,35.600002,68.0,99.0,16.0
57.0,103.0,35.600002,69.0,99.0,16.0
56.0,104.0,35.600002,69.0,99.0,29.0
56.0,103.0,35.600002,68.0,99.0,109.0
57.0,104.0,35.600002,67.0,99.0,118.0
56.0,104.0,35.600002,67.0,99.0,95.0
56.0,104.0,35.600002,67.0,99.0,65.0
55.0,104.0,35.600002,66.0,99.0,42.0
55.0,102.0,35.600002,67.0,99.0,42.0
56.0,103.0,35.600002,67.0,99.0,42.0
56.0,103.0,35.600002,69.0,99.0,84.0
57.0,104.0,35.600002,69.0,99.0,51.0
56.0,104.0,35.600002,69.0,99.0,49.0
55.0,103.0,35.600002,68.0,99.0,39.0
54.0,103.0,35.600002,67.0,99.0,36.0
54.0,102.0,35.600002,67.0,99.0,141.0
54.0,101.0,35.600002,67.0,99.0,76.0
52.0,100.0,35.600002,67.0,99.0,46.0
52.0,99.0,35.600002,66.0,99.0,30.0
51.0,99.0,35.600002,65.0,99.0,24.0
52.0,98.0,35.600002,66.0,99.0,23.0
52.0,99.0,35.600002,66.0,99.0,17.0
51.0,98.0,35.600002,66.0,99.0,15.0
51.0,98.0,35.600002,66.0,99.0,15.0
51.0,98.0,35.600002,66.0,99.0,130.0
50.0,97.0,35.600002,66.0,99.0,145.0
51.0,97.0,35.600002,66.0,99.0,91.0
50.0,98.0,35.600002,67.0,99.0,92.0
50.0,97.0,35.600002,67.0,99.0,71.0
50.0,98.0,35.600002,67.0,99.0,68.0
50.0,97.0,35.600002,67.0,99.0,87.0
51.0,97.0,35.600002,67.0,99.0,134.0
51.0,98.0,35.600002,67.0,99.0,84.0
51.0,97.0,35.600002,67.0,99.0,52.0
51.0,98.0,35.600002,67.0,99.0,36.0
50.0,97.0,35.600002,67.0,99.0,26.0
50.0,97.0,35.600002,67.0,99.0,21.0
51.0,98.0,35.600002,67.0,99.0,18.0
50.0,97.0,35.600002,67.0,99.0,18.0
50.0,98.0,35.600002,66.0,99.0,28.0
50.0,97.0,35.600002,66.0,99.0,103.0
50.0,96.0,35.600002,66.0,99.0,122.0
49.0,96.0,35.600002,65.0,99.0,80.0
49.0,95.0,35.600002,66.0,99.0,139.0
49.0,96.0,35.600002,65.0,99.0,88.0
48.0,95.0,35.600002,65.0,99.0,86.0
48.0,94.0,35.600002,64.0,99.0,66.0
47.0,94.0,35.600002,64.0,99.0,68.0
48.0,93.0,35.600002,64.0,99.0,51.0
48.0,94.0,35.600002,64.0,99.0,36.0
48.0,94.0,35.600002,66.0,99.0,37.0
49.0,95.0,35.600002,66.0,99.0,26.0
49.0,96.0,35.600002,66.0,99.0,22.0
49.0,95.0,35.600002,67.0,99.0,22.0
50.0,96.0,35.600002,66.0,99.0,69.0
49.0,96.0,35.600002,67.0,99.0,102.0
49.0,95.0,35.600002,65.0,99.0,86.0
48.0,95.0,35.600002,64.0,99.0,64.0
46.0,93.0,35.600002,63.0,99.0,58.0
48.0,93.0,35.600002,63.0,99.0,32.0
49.0,94.0,35.600002,65.0,99.0,29.0
50.0,95.0,35.600002,66.0,99.0,23.0
50.0,96.0,35.600002,67.0,99.0,19.0
50.0,96.0,35.600002,67.0,99.0,19.0
49.0,97.0,35.600002,66.0,99.0,19.0
48.0,96.0,35.600002,65.0,99.0,14.0
48.0,95.0,35.600002,64.0,99.0,14.0
48.0,95.0,35.600002,64.0,99.0,13.0
48.0,94.0,35.600002,64.0,99.0,13.0
49.0,95.0,35.600002,64.0,99.0,12.0
49.0,94.0,35.600002,65.0,99.0,16.0
49.0,94.0,35.600002,66.0,99.0,29.0
49.0,96.0,35.600002,66.0,99.0,46.0
50.0,95.0,35.600002,66.0,99.0,33.0
50.0,96.0,35.600002,66.0,99.0,33.0
50.0,96.0,35.600002,67.0,99.0,34.0
50.0,96.0,35.600002,67.0,99.0,60.0
50.0,97.0,35.600002,66.0,99.0,68.0
50.0,96.0,35.600002,66.0,99.0,86.0
50.0,96.0,35.600002,66.0,99.0,52.0
50.0,96.0,35.600002,66.0,99.0,56.0
50.0,95.0,35.600002,66.0,99.0,107.0
50.0,96.0,35.600002,66.0,99.0,110.0
50.0,95.0,35.600002,67.0,99.0,124.0
51.0,97.0,35.600002,66.0,99.0,66.0
51.0,97.0,35.600002,66.0,99.0,47.0
52.0,97.0,35.600002,67.0,99.0,46.0
53.0,99.0,35.600002,67.0,99.0,97.0
54.0,100.0,35.600002,68.0,99.0,97.0
55.0,102.0,35.600002,68.0,99.0,53.0
56.0,104.0,35.600002,68.0,99.0,75.0
57.0,106.0,35.600002,68.0,99.0,60.0
57.0,107.0,35.600002,68.0,99.0,51.0
57.0,108.0,35.600002,68.0,99.0,49.0
57.0,110.0,35.600002,67.0,99.0,67.0
57.0,110.0,35.600002,67.0,99.0,64.0
57.0,110.0,35.600002,67.0,99.0,91.0
57.0,111.0,35.600002,67.0,99.0,105.0
57.0,111.0,35.600002,66.0,99.0,110.0
58.0,112.0,35.600002,66.0,99.0,122.0
58.0,112.0,35.600002,67.0,99.0,62.0
59.0,113.0,35.600002,67.0,99.0,40.0
58.0,114.0,35.600002,67.0,99.0,36.0
58.0,114.0,35.600002,67.0,99.0,36.0
59.0,115.0,35.600002,66.0,99.0,32.0
58.0,115.0,35.600002,65.0,99.0,111.0
57.0,114.0,35.600002,65.0,99.0,77.0
58.0,115.0,35.600002,65.0,99.0,53.0
57.0,113.0,35.600002,65.0,99.0,40.0
57.0,113.0,35.600002,65.0,99.0,33.0
57.0,114.0,35.600002,66.0,99.0,27.0
58.0,114.0,35.600002,66.0,99.0,25.0
57.0,115.0,35.600002,66.0,99.0,21.0
58.0,114.0,35.600002,67.0,99.0,20.0
60.0,115.0,35.600002,69.0,99.0,18.0
62.0,117.0,35.600002,73.0,99.0,17.0
63.0,121.0,35.600002,76.0,99.0,17.0
64.0,122.0,35.600002,78.0,99.0,15.0
63.0,122.0,35.600002,77.0,99.0,14.0
64.0,122.0,35.600002,78.0,99.0,13.0
64.0,123.0,35.600002,80.0,99.0,22.0
67.0,126.0,35.600002,83.0,99.0,120.0
67.0,127.0,35.600002,85.0,99.0,80.0
67.0,127.0,35.600002,85.0,100.0,115.0
67.0,129.0,35.600002,85.0,100.0,111.0
66.0,127.0,35.600002,85.0,100.0,85.0
67.0,127.0,35.600002,85.0,100.0,79.0
65.0,128.0,35.600002,85.0,100.0,126.0
65.0,127.0,35.600002,85.0,100.0,66.0
65.0,127.0,35.600002,84.0,100.0,44.0
64.0,124.0,35.600002,84.0,100.0,42.0
65.0,125.0,35.600002,85.0,100.0,56.0
65.0,125.0,35.600002,85.0,100.0,82.0
64.0,124.0,35.600002,86.0,100.0,88.0
65.0,125.0,35.600002,86.0,100.0,64.0
64.0,122.0,35.600002,87.0,100.0,50.0
66.0,123.0,35.600002,89.0,100.0,97.0
65.0,124.0,35.600002,90.0,100.0,144.0
64.0,122.0,35.600002,90.0,100.0,72.0
66.0,124.0,35.600002,90.0,100.0,52.0
65.0,123.0,35.600002,91.0,100.0,76.0
65.0,123.0,35.600002,90.0,100.0,74.0
64.0,123.0,35.600002,90.0,100.0,45.0
64.0,122.0,35.600002,89.0,100.0,31.0
64.0,123.0,35.600002,89.0,100.0,31.0
64.0,122.0,35.600002,88.0,100.0,92.0
63.0,122.0,35.600002,88.0,100.0,61.0
62.0,121.0,35.600002,86.0,100.0,40.0
62.0,119.0,35.600002,86.0,100.0,38.0
63.0,121.0,35.600002,85.0,100.0,161.0
61.0,119.0,35.600002,85.0,100.0,99.0
62.0,118.0,35.600002,85.0,100.0,61.0
62.0,120.0,35.600002,85.0,100.0,43.0
61.0,118.0,35.600002,86.0,100.0,57.0
62.0,119.0,35.600002,86.0,100.0,83.0
61.0,118.0,35.600002,86.0,100.0,83.0
62.0,117.0,35.600002,85.0,100.0,63.0
62.0,118.0,35.600002,86.0,100.0,65.0
62.0,118.0,35.600002,87.0,100.0,72.0
62.0,119.0,35.600002,86.0,100.0,59.0
61.0,118.0,35.600002,85.0,100.0,45.0
60.0,118.0,35.600002,84.0,100.0,60.0
60.0,117.0,35.600002,83.0,100.0,48.0
59.0,116.0,35.600002,82.0,99.0,46.0
59.0,116.0,35.600002,80.0,100.0,40.0
58.0,114.0,35.600002,80.0,100.0,32.0
58.0,114.0,35.600002,79.0,100.0,27.0
57.0,114.0,35.600002,78.0,100.0,25.0
58.0,112.0,35.600002,78.0,100.0,31.0
59.0,113.0,35.600002,79.0,100.0,35.0
57.0,113.0,35.600002,79.0,100.0,68.0
57.0,112.0,35.600002,78.0,100.0,102.0
55.0,110.0,35.600002,76.0,100.0,87.0
55.0,109.0,35.600002,74.0,100.0,87.0
55.0,109.0,35.600002,73.0,100.0,49.0
54.0,108.0,35.600002,74.0,100.0,123.0
56.0,109.0,35.600002,74.0,100.0,77.0
56.0,109.0,35.600002,76.0,100.0,72.0
58.0,110.0,35.600002,77.0,100.0,57.0
56.0,111.0,35.600002,78.0,100.0,51.0
56.0,110.0,35.600002,76.0,100.0,47.0
55.0,109.0,35.600002,75.0,100.0,80.0
55.0,108.0,35.600002,74.0,100.0,57.0
56.0,109.0,35.600002,75.0,100.0,38.0
56.0,110.0,35.600002,77.0,100.0,34.0
56.0,110.0,35.600002,77.0,100.0,25.0
57.0,110.0,35.600002,75.0,100.0,24.0
56.0,110.0,35.600002,73.0,100.0,23.0
56.0,109.0,35.600002,72.0,100.0,88.0
57.0,110.0,35.600002,72.0,100.0,133.0
57.0,112.0,35.600002,73.0,100.0,72.0
57.0,110.0,35.600002,74.0,100.0,51.0
58.0,112.0,35.600002,73.0,100.0,51.0
57.0,111.0,35.600002,73.0,100.0,99.0
58.0,111.0,35.600002,73.0,100.0,135.0
57.0,111.0,35.600002,72.0,100.0,94.0
57.0,111.0,35.600002,72.0,100.0,64.0
57.0,111.0,35.600002,73.0,99.0,54.0
59.0,111.0,35.600002,74.0,99.0,37.0
59.0,112.0,35.600002,75.0,99.0,32.0
57.0,112.0,35.600002,75.0,99.0,24.0
57.0,110.0,35.600002,73.0,99.0,22.0
56.0,110.0,35.600002,72.0,99.0,18.0
56.0,110.0,35.600002,71.0,99.0,16.0
56.0,110.0,35.600002,70.0,99.0,109.0
55.0,109.0,35.600002,70.0,99.0,70.0
55.0,108.0,35.600002,70.0,99.0,46.0
55.0,107.0,35.600002,71.0,99.0,56.0
55.0,107.0,35.600002,71.0,99.0,53.0
55.0,108.0,35.600002,71.0,99.0,51.0
55.0,107.0,35.600002,71.0,99.0,92.0
54.0,107.0,35.600002,71.0,99.0,62.0
54.0,106.0,35.600002,70.0,99.0,59.0
54.0,106.0,35.600002,70.0,99.0,86.0
54.0,106.0,35.600002,71.0,99.0,81.0
54.0,106.0,35.600002,70.0,99.0,46.0
54.0,106.0,35.600002,70.0,99.0,48.0
54.0,106.0,35.600002,70.0,99.0,45.0
53.0,106.0,35.600002,69.0,99.0,42.0
53.0,105.0,35.600002,69.0,99.0,42.0
53.0,106.0,35.600002,69.0,99.0,35.0
52.0,104.0,35.600002,69.0,99.0,28.0
53.0,104.0,35.600002,70.0,99.0,27.0
54.0,104.0,35.600002,72.0,99.0,22.0
56.0,105.0,35.600002,74.0,99.0,18.0
55.0,108.0,35.600002,74.0,99.0,18.0
54.0,106.0,35.600002,74.0,99.0,18.0
53.0,105.0,35.600002,71.0,99.0,14.0
52.0,103.0,35.600002,69.0,99.0,14.0
53.0,104.0,35.600002,69.0,99.0,14.0
52.0,103.0,35.600002,69.0,99.0,11.0
52.0,104.0,35.600002,68.0,99.0,11.0
51.0,103.0,35.600002,67.0,99.0,11.0
51.0,102.0,35.600002,66.0,99.0,11.0
51.0,102.0,35.600002,66.0,99.0,20.0
50.0,100.0,35.600002,66.0,100.0,92.0
51.0,101.0,35.600002,66.0,100.0,94.0
51.0,100.0,35.600002,67.0,100.0,62.0
51.0,101.0,35.600002,67.0,100.0,57.0
49.0,99.0,35.600002,67.0,99.0,41.0
50.0,99.0,35.600002,67.0,99.0,41.0
50.0,99.0,35.600002,67.0,99.0,25.0
52.0,99.0,35.600002,68.0,99.0,23.0
53.0,102.0,35.600002,69.0,99.0,18.0
54.0,103.0,35.600002,73.0,99.0,17.0
58.0,106.0,35.600002,75.0,99.0,17.0
57.0,107.0,35.600002,76.0,99.0,26.0
56.0,106.0,35.600002,75.0,99.0,40.0
55.0,106.0,35.600002,73.0,99.0,54.0
55.0,105.0,35.600002,71.0,99.0,44.0
54.0,105.0,35.600002,70.0,99.0,32.0
53.0,103.0,35.600002,69.0,99.0,32.0
54.0,104.0,35.600002,69.0,99.0,27.0
56.0,104.0,35.600002,72.0,99.0,27.0
56.0,106.0,35.600002,73.0,99.0,19.0
55.0,105.0,35.600002,74.0,99.0,16.0
55.0,105.0,35.600002,73.0,99.0,15.0
56.0,106.0,35.600002,73.0,100.0,15.0
55.0,105.0,35.600002,73.0,99.0,22.0
56.0,105.0,35.600002,73.0,99.0,22.0
57.0,105.0,35.600002,72.0,99.0,34.0
60.0,107.0,35.600002,72.0,99.0,128.0
60.0,106.0,35.600002,72.0,99.0,74.0
60.0,106.0,35.600002,71.0,99.0,74.0
46.0,46.0,35.600002,71.0,99.0,79.0
46.0,46.0,35.600002,71.0,99.0,94.0
43.0,43.0,35.600002,71.0,99.0,84.0
43.0,43.0,35.600002,71.0,99.0,122.0
42.0,42.0,35.600002,70.0,99.0,85.0
42.0,42.0,35.600002,69.0,99.0,61.0
40.0,40.0,35.600002,70.0,99.0,46.0
48.0,66.0,35.600002,73.0,99.0,47.0
60.0,90.0,35.600002,75.0,99.0,36.0
64.0,99.0,35.600002,75.0,99.0,28.0
66.0,106.0,35.600002,76.0,99.0,23.0
63.0,111.0,35.600002,75.0,99.0,19.0
61.0,110.0,35.600002,75.0,99.0,17.0
62.0,109.0,35.600002,75.0,99.0,17.0
63.0,111.0,35.600002,76.0,99.0,17.0
62.0,112.0,35.600002,76.0,99.0,14.0
62.0,112.0,35.600002,79.0,99.0,14.0
62.0,111.0,35.600002,80.0,99.0,11.0
63.0,113.0,35.600002,81.0,99.0,19.0
65.0,114.0,35.600002,84.0,99.0,109.0
62.0,113.0,35.600002,85.0,99.0,84.0
59.0,109.0,35.600002,85.0,99.0,68.0
59.0,108.0,35.600002,86.0,99.0,57.0
59.0,108.0,35.600002,86.0,99.0,59.0
58.0,106.0,35.600002,86.0,99.0,107.0
57.0,106.0,35.600002,83.0,99.0,68.0
56.0,104.0,35.600002,83.0,99.0,53.0
56.0,104.0,35.600002,82.0,99.0,35.0
55.0,104.0,35.600002,82.0,99.0,28.0
54.0,102.0,35.600002,80.0,99.0,23.0
54.0,102.0,35.600002,79.0,99.0,20.0
54.0,101.0,35.600002,80.0,99.0,20.0
55.0,103.0,35.600002,83.0,99.0,20.0
55.0,102.0,35.600002,85.0,99.0,17.0
57.0,103.0,35.600002,86.0,99.0,17.0
57.0,103.0,35.600002,89.0,99.0,15.0
58.0,104.0,35.600002,92.0,99.0,17.0
58.0,105.0,35.600002,95.0,99.0,17.0
59.0,104.0,35.600002,96.0,99.0,25.0
60.0,107.0,35.600002,98.0,99.0,23.0
59.0,106.0,35.600002,100.0,99.0,23.0
61.0,108.0,35.600002,101.0,99.0,23.0
60.0,107.0,35.600002,102.0,99.0,25.0
61.0,108.0,35.600002,102.0,99.0,34.0
60.0,108.0,35.600002,102.0,99.0,48.0
60.0,108.0,35.600002,102.0,99.0,49.0
61.0,110.0,35.600002,102.0,99.0,38.0
60.0,108.0,35.600002,102.0,99.0,38.0
62.0,110.0,35.600002,102.0,99.0,33.0
60.0,109.0,35.600002,102.0,99.0,27.0
61.0,110.0,35.600002,103.0,99.0,27.0
62.0,111.0,35.600002,104.0,99.0,26.0
62.0,112.0,35.600002,104.0,99.0,26.0
63.0,113.0,35.600002,105.0,99.0,24.0
62.0,113.0,35.600002,104.0,99.0,21.0
61.0,113.0,35.600002,103.0,99.0,21.0
62.0,112.0,35.600002,103.0,99.0,17.0
63.0,113.0,35.600002,103.0,99.0,16.0
62.0,112.0,35.600002,104.0,99.0,16.0
62.0,111.0,35.600002,104.0,99.0,15.0
62.0,112.0,35.600002,104.0,99.0,15.0
60.0,110.0,35.600002,103.0,99.0,13.0
60.0,110.0,35.600002,100.0,99.0,13.0
58.0,108.0,35.600002,98.0,99.0,13.0
58.0,107.0,35.600002,95.0,99.0,13.0
56.0,105.0,35.600002,93.0,99.0,13.0
56.0,104.0,35.600002,91.0,99.0,13.0
57.0,105.0,35.600002,89.0,99.0,13.0
52.0,100.0,35.600002,85.0,99.0,13.0
53.0,100.0,35.600002,83.0,99.0,13.0
54.0,99.0,35.600002,87.0,99.0,13.0
55.0,101.0,35.600002,88.0,99.0,13.0
54.0,100.0,35.600002,88.0,99.0,13.0
53.0,99.0,35.600002,86.0,99.0,13.0
53.0,98.0,35.600002,83.0,99.0,13.0
51.0,96.0,35.600002,81.0,99.0,13.0
51.0,96.0,35.600002,79.0,99.0,13.0
50.0,94.0,35.600002,77.0,99.0,12.0
50.0,95.0,35.600002,77.0,99.0,20.0
51.0,94.0,35.600002,77.0,99.0,26.0
50.0,93.0,35.600002,76.0,99.0,54.0
49.0,93.0,35.600002,75.0,99.0,62.0
49.0,92.0,35.600002,74.0,99.0,56.0
49.0,93.0,35.600002,73.0,99.0,47.0
48.0,92.0,35.600002,73.0,99.0,33.0
48.0,92.0,35.600002,72.0,99.0,33.0
48.0,91.0,35.600002,72.0,99.0,29.0
51.0,93.0,35.600002,73.0,99.0,22.0
51.0,94.0,35.600002,75.0,99.0,20.0
51.0,95.0,35.600002,77.0,99.0,20.0
51.0,96.0,35.600002,75.0,99.0,17.0
50.0,95.0,35.600002,75.0,99.0,17.0
50.0,95.0,35.600002,72.0,99.0,17.0
49.0,94.0,35.600002,71.0,99.0,15.0
50.0,94.0,35.600002,71.0,99.0,15.0
49.0,95.0,35.600002,71.0,99.0,14.0
50.0,95.0,35.600002,70.0,98.0,13.0
50.0,96.0,35.600002,70.0,98.0,13.0
50.0,96.0,35.600002,71.0,98.0,13.0
52.0,98.0,35.600002,74.0,98.0,13.0
56.0,101.0,35.600002,77.0,99.0,13.0
59.0,106.0,35.600002,82.0,99.0,13.0
60.0,108.0,35.600002,86.0,99.0,12.0
62.0,110.0,35.600002,88.0,99.0,12.0
62.0,111.0,35.600002,90.0,99.0,12.0
62.0,112.0,35.600002,90.0,99.0,13.0
61.0,113.0,35.600002,89.0,98.0,13.0
61.0,112.0,35.600002,89.0,98.0,12.0
62.0,114.0,35.600002,88.0,98.0,12.0
61.0,114.0,35.600002,89.0,98.0,12.0
62.0,114.0,35.600002,88.0,98.0,12.0
61.0,114.0,35.600002,88.0,98.0,12.0
60.0,113.0,35.600002,87.0,98.0,13.0
60.0,113.0,35.600002,87.0,98.0,13.0
60.0,113.0,35.600002,87.0,98.0,12.0
61.0,115.0,35.600002,89.0,98.0,12.0
60.0,114.0,35.600002,88.0,98.0,13.0
61.0,114.0,35.600002,87.0,98.0,13.0
60.0,114.0,35.600002,86.0,98.0,13.0
59.0,113.0,35.600002,85.0,98.0,13.0
59.0,113.0,35.600002,82.0,98.0,13.0
58.0,112.0,35.600002,81.0,98.0,13.0
58.0,113.0,35.600002,80.0,98.0,13.0
58.0,112.0,35.600002,79.0,98.0,12.0
58.0,112.0,35.600002,79.0,98.0,12.0
58.0,111.0,35.600002,78.0,98.0,13.0
58.0,111.0,35.600002,77.0,98.0,13.0
58.0,111.0,35.600002,77.0,98.0,13.0
57.0,110.0,35.600002,77.0,98.0,13.0
58.0,111.0,35.600002,76.0,98.0,13.0
58.0,111.0,35.600002,77.0,98.0,13.0
59.0,111.0,35.600002,77.0,98.0,13.0
58.0,110.0,35.600002,77.0,98.0,13.0
59.0,110.0,35.600002,76.0,98.0,13.0
58.0,111.0,35.600002,75.0,98.0,13.0
56.0,109.0,35.600002,73.0,98.0,13.0
55.0,108.0,35.600002,70.0,98.0,13.0
55.0,106.0,35.600002,70.0,99.0,13.0
55.0,106.0,35.600002,71.0,99.0,13.0
56.0,106.0,35.600002,72.0,98.0,13.0
56.0,107.0,35.600002,72.0,98.0,34.0
54.0,105.0,35.600002,71.0,98.0,56.0
53.0,103.0,35.600002,69.0,98.0,40.0
53.0,103.0,35.600002,68.0,98.0,34.0
53.0,103.0,35.600002,69.0,98.0,34.0
54.0,103.0,35.600002,69.0,98.0,29.0
56.0,103.0,35.600002,71.0,98.0,27.0
58.0,105.0,35.600002,75.0,98.0,22.0
59.0,109.0,35.600002,78.0,98.0,18.0
59.0,110.0,35.600002,78.0,98.0,17.0
59.0,110.0,35.600002,77.0,98.0,18.0
58.0,109.0,35.600002,77.0,98.0,40.0
58.0,109.0,35.600002,75.0,98.0,51.0
56.0,107.0,35.600002,75.0,98.0,42.0
57.0,107.0,35.600002,73.0,98.0,49.0
58.0,108.0,35.600002,74.0,98.0,35.0
58.0,108.0,35.600002,74.0,98.0,29.0
58.0,109.0,35.600002,74.0,98.0,27.0
56.0,108.0,35.600002,72.0,98.0,24.0
55.0,107.0,35.600002,70.0,98.0,24.0
55.0,105.0,35.600002,69.0,98.0,18.0
57.0,106.0,35.600002,69.0,98.0,14.0
57.0,108.0,35.600002,71.0,98.0,14.0
58.0,108.0,35.600002,71.0,98.0,14.0
58.0,109.0,35.600002,71.0,98.0,13.0
58.0,109.0,35.600002,72.0,98.0,13.0
58.0,110.0,35.600002,72.0,98.0,13.0
59.0,109.0,35.600002,73.0,98.0,12.0
60.0,112.0,35.600002,73.0,98.0,12.0
60.0,112.0,35.600002,74.0,98.0,12.0
60.0,111.0,35.600002,74.0,98.0,12.0
60.0,112.0,35.600002,73.0,98.0,12.0
60.0,111.0,35.600002,73.0,98.0,12.0
60.0,112.0,35.600002,73.0,98.0,12.0
59.0,112.0,35.600002,72.0,98.0,12.0
60.0,112.0,35.600002,72.0,98.0,14.0
60.0,113.0,35.600002,72.0,98.0,18.0
60.0,112.0,35.600002,71.0,98.0,24.0
59.0,112.0,35.600002,71.0,98.0,31.0
60.0,111.0,35.600002,71.0,98.0,28.0
60.0,113.0,35.600002,71.0,98.0,25.0
59.0,112.0,35.600002,71.0,98.0,23.0
58.0,111.0,35.600002,70.0,98.0,18.0
57.0,110.0,35.600002,69.0,98.0,16.0
58.0,109.0,35.600002,68.0,98.0,16.0
58.0,109.0,35.600002,68.0,98.0,13.0
58.0,109.0,35.600002,69.0,98.0,13.0
58.0,110.0,35.600002,69.0,98.0,18.0
58.0,110.0,35.600002,70.0,98.0,100.0
59.0,111.0,35.600002,69.0,98.0,75.0
59.0,110.0,35.600002,71.0,98.0,48.0
59.0,111.0,35.600002,70.0,98.0,35.0
58.0,110.0,35.600002,70.0,99.0,32.0
58.0,109.0,35.600002,69.0,98.0,55.0
58.0,110.0,35.600002,68.0,98.0,48.0
57.0,108.0,35.600002,69.0,98.0,73.0
58.0,109.0,35.600002,68.0,98.0,54.0
58.0,109.0,35.600002,69.0,98.0,64.0
58.0,109.0,35.600002,68.0,98.0,49.0
58.0,109.0,35.600002,69.0,99.0,52.0
58.0,109.0,35.600002,69.0,98.0,46.0
59.0,110.0,35.600002,70.0,98.0,41.0
60.0,111.0,35.600002,70.0,98.0,37.0
60.0,112.0,35.600002,70.0,99.0,40.0
59.0,111.0,35.600002,70.0,99.0,48.0
60.0,111.0,35.600002,70.0,98.0,48.0
59.0,111.0,35.600002,69.0,98.0,47.0
59.0,110.0,35.600002,69.0,98.0,42.0
59.0,110.0,35.600002,69.0,98.0,28.0
59.0,110.0,35.600002,69.0,98.0,28.0
59.0,110.0,35.600002,69.0,98.0,22.0
58.0,110.0,35.600002,69.0,98.0,22.0
59.0,110.0,35.600002,68.0,98.0,18.0
59.0,110.0,35.600002,69.0,98.0,16.0
60.0,111.0,35.600002,69.0,98.0,16.0
60.0,111.0,35.600002,70.0,98.0,14.0
60.0,112.0,35.600002,70.0,98.0,14.0
60.0,112.0,35.600002,70.0,98.0,13.0
59.0,111.0,35.600002,69.0,98.0,12.0
60.0,111.0,35.600002,68.0,98.0,12.0
59.0,111.0,35.600002,69.0,98.0,12.0
61.0,112.0,35.600002,69.0,98.0,12.0
60.0,113.0,35.600002,69.0,98.0,12.0
60.0,113.0,35.600002,69.0,98.0,12.0
60.0,113.0,35.600002,68.0,98.0,12.0
60.0,113.0,35.600002,68.0,98.0,12.0
61.0,113.0,35.600002,68.0,98.0,12.0
61.0,113.0,35.600002,69.0,98.0,13.0
62.0,114.0,35.600002,69.0,98.0,13.0
61.0,115.0,35.600002,69.0,98.0,13.0
61.0,114.0,35.600002,69.0,98.0,13.0
61.0,115.0,35.600002,68.0,98.0,13.0
61.0,114.0,35.600002,68.0,98.0,12.0
61.0,115.0,35.600002,68.0,98.0,12.0
61.0,115.0,35.600002,68.0,98.0,12.0
63.0,117.0,35.600002,68.0,98.0,12.0
62.0,117.0,35.600002,68.0,98.0,12.0
62.0,116.0,35.600002,68.0,98.0,12.0
62.0,116.0,35.600002,68.0,98.0,12.0
62.0,116.0,35.600002,68.0,98.0,12.0
62.0,117.0,35.600002,68.0,98.0,12.0
62.0,117.0,35.600002,69.0,98.0,12.0
63.0,118.0,35.600002,69.0,98.0,12.0
63.0,118.0,35.600002,70.0,98.0,12.0
63.0,119.0,35.600002,69.0,98.0,13.0
63.0,118.0,35.600002,69.0,98.0,13.0
61.0,116.0,35.600002,69.0,98.0,13.0
61.0,116.0,35.600002,68.0,98.0,13.0
61.0,115.0,35.600002,69.0,98.0,13.0
62.0,117.0,35.600002,69.0,98.0,13.0
62.0,116.0,35.600002,69.0,98.0,13.0
63.0,117.0,35.600002,69.0,98.0,13.0
63.0,118.0,35.600002,70.0,98.0,12.0
64.0,118.0,35.600002,70.0,98.0,12.0
64.0,119.0,35.600002,70.0,98.0,12.0
64.0,119.0,35.600002,70.0,98.0,12.0
64.0,120.0,35.600002,70.0,98.0,12.0
63.0,119.0,35.600002,70.0,98.0,12.0
63.0,119.0,35.600002,70.0,98.0,12.0
63.0,118.0,35.600002,70.0,98.0,12.0
64.0,119.0,35.600002,70.0,98.0,12.0
64.0,120.0,35.600002,70.0,98.0,12.0
64.0,120.0,35.600002,70.0,98.0,12.0
64.0,120.0,35.600002,70.0,98.0,12.0
63.0,118.0,35.600002,70.0,99.0,25.0
63.0,118.0,35.600002,69.0,98.0,82.0
62.0,118.0,35.600002,69.0,99.0,58.0
63.0,118.0,35.600002,69.0,99.0,36.0
63.0,118.0,35.600002,69.0,98.0,31.0
63.0,118.0,35.600002,69.0,98.0,22.0
63.0,119.0,35.600002,69.0,98.0,17.0
63.0,119.0,35.600002,69.0,98.0,17.0
64.0,120.0,35.600002,69.0,99.0,17.0
63.0,119.0,35.600002,69.0,99.0,13.0
63.0,118.0,35.600002,68.0,99.0,13.0
62.0,117.0,35.600002,68.0,98.0,12.0
62.0,116.0,35.600002,68.0,98.0,12.0
63.0,118.0,35.600002,68.0,98.0,12.0
63.0,118.0,35.600002,69.0,98.0,13.0
63.0,118.0,35.600002,69.0,98.0,13.0
62.0,118.0,35.600002,68.0,99.0,12.0
62.0,117.0,35.600002,68.0,99.0,12.0
62.0,117.0,35.600002,68.0,98.0,12.0
62.0,116.0,35.600002,68.0,98.0,12.0
63.0,118.0,35.600002,68.0,98.0,12.0
63.0,119.0,35.600002,68.0,98.0,12.0
63.0,119.0,35.600002,68.0,98.0,11.0
63.0,119.0,35.600002,68.0,99.0,11.0
62.0,118.0,35.600002,67.0,99.0,11.0
63.0,118.0,35.600002,67.0,98.0,11.0
62.0,118.0,35.600002,66.0,98.0,11.0
62.0,118.0,35.600002,65.0,99.0,12.0
61.0,117.0,35.600002,64.0,99.0,12.0
60.0,115.0,35.600002,63.0,99.0,12.0
59.0,115.0,35.600002,61.0,99.0,14.0
61.0,115.0,35.600002,62.0,99.0,24.0
63.0,117.0,35.600002,62.0,99.0,24.0
65.0,121.0,35.600002,66.0,99.0,53.0
65.0,122.0,35.600002,68.0,99.0,52.0
67.0,123.0,35.600002,68.0,99.0,54.0
66.0,124.0,35.600002,67.0,99.0,62.0
66.0,123.0,35.600002,67.0,99.0,72.0
66.0,123.0,35.600002,67.0,99.0,86.0
65.0,122.0,35.600002,67.0,99.0,68.0
66.0,122.0,35.600002,67.0,99.0,98.0
66.0,123.0,35.600002,67.0,99.0,69.0
65.0,123.0,35.600002,67.0,99.0,37.0
66.0,123.0,35.600002,66.0,99.0,69.0
66.0,124.0,35.600002,66.0,99.0,48.0
68.0,125.0,35.600002,67.0,99.0,37.0
68.0,127.0,35.600002,67.0,99.0,35.0
67.0,125.0,35.600002,67.0,99.0,52.0
68.0,126.0,35.600002,67.0,99.0,64.0
66.0,124.0,35.600002,66.0,99.0,46.0
66.0,123.0,35.600002,65.0,99.0,41.0
65.0,122.0,35.600002,65.0,99.0,32.0
66.0,122.0,35.600002,65.0,99.0,31.0
67.0,123.0,35.600002,66.0,99.0,22.0
67.0,123.0,35.600002,67.0,100.0,17.0
67.0,124.0,35.600002,67.0,99.0,18.0
66.0,123.0,35.600002,67.0,99.0,18.0
67.0,123.0,35.600002,67.0,99.0,18.0
67.0,124.0,35.600002,67.0,99.0,16.0
66.0,124.0,35.600002,66.0,99.0,15.0
66.0,122.0,35.600002,65.0,99.0,15.0
65.0,121.0,35.600002,65.0,99.0,18.0
66.0,121.0,35.600002,73.0,99.0,122.0
66.0,122.0,35.600002,74.0,99.0,62.0
65.0,120.0,35.600002,74.0,99.0,50.0
66.0,121.0,35.600002,64.0,99.0,40.0
64.0,119.0,35.600002,64.0,99.0,146.0
65.0,119.0,35.600002,64.0,99.0,81.0
66.0,121.0,35.600002,64.0,99.0,56.0
66.0,120.0,35.600002,66.0,99.0,51.0
67.0,122.0,35.600002,66.0,99.0,33.0
67.0,123.0,35.600002,67.0,99.0,26.0
67.0,123.0,35.600002,67.0,99.0,109.0
68.0,124.0,35.600002,67.0,99.0,64.0
67.0,123.0,35.600002,68.0,99.0,41.0
66.0,122.0,35.600002,68.0,99.0,31.0
65.0,121.0,35.600002,67.0,100.0,24.0
65.0,120.0,35.600002,67.0,100.0,22.0
66.0,121.0,35.600002,67.0,100.0,22.0
66.0,122.0,35.600002,68.0,100.0,16.0
68.0,124.0,35.600002,69.0,99.0,16.0
68.0,125.0,35.600002,69.0,100.0,13.0
67.0,124.0,35.600002,69.0,100.0,13.0
66.0,124.0,35.600002,68.0,99.0,13.0
65.0,121.0,35.600002,68.0,99.0,10.0
65.0,121.0,35.600002,68.0,99.0,10.0
66.0,121.0,35.600002,69.0,99.0,10.0
66.0,122.0,35.600002,69.0,99.0,12.0
67.0,124.0,35.600002,69.0,99.0,12.0
66.0,123.0,35.600002,70.0,99.0,12.0
67.0,124.0,35.600002,69.0,99.0,12.0
66.0,124.0,35.600002,70.0,99.0,12.0
67.0,123.0,35.600002,70.0,99.0,11.0
68.0,125.0,35.600002,70.0,99.0,12.0
67.0,125.0,35.600002,71.0,99.0,15.0
68.0,126.0,35.600002,70.0,99.0,19.0
67.0,125.0,35.600002,70.0,99.0,28.0
67.0,123.0,35.600002,70.0,99.0,29.0
67.0,125.0,35.600002,70.0,99.0,29.0
66.0,124.0,35.600002,70.0,99.0,28.0
67.0,125.0,35.600002,70.0,99.0,23.0
66.0,125.0,35.600002,69.0,99.0,19.0
66.0,124.0,35.600002,69.0,99.0,19.0
66.0,124.0,35.600002,68.0,99.0,19.0
65.0,123.0,35.600002,68.0,99.0,15.0
66.0,123.0,35.600002,68.0,99.0,15.0
66.0,123.0,35.600002,68.0,99.0,13.0
67.0,124.0,35.600002,69.0,99.0,13.0
67.0,125.0,35.600002,69.0,99.0,13.0
67.0,125.0,35.600002,69.0,99.0,10.0
66.0,124.0,35.600002,68.0,99.0,10.0
66.0,123.0,35.600002,68.0,99.0,12.0
66.0,122.0,35.600002,68.0,99.0,12.0
67.0,124.0,35.600002,68.0,99.0,12.0
66.0,124.0,35.600002,68.0,99.0,11.0
66.0,124.0,35.600002,68.0,99.0,11.0
66.0,123.0,35.600002,69.0,99.0,11.0
67.0,125.0,35.600002,69.0,99.0,11.0
67.0,126.0,35.600002,69.0,99.0,11.0
67.0,125.0,35.600002,69.0,99.0,11.0
67.0,125.0,35.600002,69.0,99.0,11.0
66.0,124.0,35.600002,69.0,99.0,12.0
66.0,123.0,35.600002,69.0,99.0,22.0
67.0,125.0,35.600002,69.0,99.0,55.0
66.0,124.0,35.600002,69.0,99.0,43.0
66.0,123.0,35.600002,69.0,99.0,41.0
66.0,124.0,35.600002,68.0,99.0,30.0
66.0,123.0,35.600002,68.0,99.0,25.0
65.0,124.0,35.600002,67.0,99.0,25.0
65.0,123.0,35.600002,67.0,99.0,19.0
66.0,123.0,35.600002,67.0,99.0,19.0
66.0,125.0,35.600002,67.0,99.0,17.0
66.0,124.0,35.600002,68.0,99.0,16.0
66.0,125.0,35.600002,67.0,99.0,16.0
66.0,125.0,35.600002,67.0,99.0,16.0
66.0,124.0,35.600002,67.0,99.0,15.0
66.0,124.0,35.600002,67.0,99.0,15.0
67.0,125.0,35.600002,68.0,99.0,13.0
68.0,128.0,35.600002,68.0,99.0,13.0
68.0,127.0,35.600002,69.0,99.0,12.0
68.0,127.0,35.600002,68.0,99.0,12.0
66.0,126.0,35.600002,67.0,99.0,12.0
66.0,123.0,35.600002,67.0,99.0,12.0
68.0,126.0,35.600002,68.0,99.0,12.0
68.0,127.0,35.600002,68.0,99.0,12.0
69.0,129.0,35.600002,68.0,99.0,11.0
68.0,128.0,35.600002,67.0,99.0,11.0
68.0,128.0,35.600002,67.0,99.0,11.0
67.0,128.0,35.600002,67.0,99.0,11.0
67.0,127.0,35.600002,67.0,99.0,11.0
67.0,126.0,35.600002,67.0,99.0,11.0
67.0,126.0,35.600002,67.0,99.0,11.0
67.0,126.0,35.600002,67.0,99.0,11.0
67.0,127.0,35.600002,66.0,99.0,11.0
66.0,125.0,35.600002,66.0,99.0,11.0
67.0,125.0,35.600002,66.0,99.0,12.0
66.0,126.0,35.600002,66.0,99.0,13.0
67.0,125.0,35.600002,66.0,99.0,17.0
67.0,127.0,35.600002,66.0,99.0,27.0
67.0,126.0,35.600002,66.0,99.0,27.0
68.0,127.0,35.600002,66.0,99.0,28.0
68.0,128.0,35.600002,66.0,99.0,98.0
68.0,128.0,35.600002,67.0,99.0,73.0
68.0,129.0,35.600002,66.0,99.0,45.0
68.0,128.0,35.600002,66.0,99.0,36.0
68.0,128.0,35.600002,65.0,99.0,32.0
67.0,128.0,35.600002,65.0,99.0,25.0
67.0,126.0,35.600002,65.0,99.0,21.0
68.0,127.0,35.600002,65.0,99.0,17.0
67.0,127.0,35.600002,65.0,99.0,15.0
69.0,128.0,35.600002,65.0,99.0,15.0
68.0,129.0,35.600002,65.0,99.0,12.0
68.0,128.0,35.600002,65.0,99.0,11.0
68.0,129.0,35.600002,65.0,99.0,11.0
69.0,129.0,35.600002,65.0,99.0,11.0
70.0,130.0,35.600002,65.0,99.0,11.0
69.0,131.0,35.600002,66.0,99.0,11.0
69.0,130.0,35.600002,66.0,99.0,11.0
70.0,132.0,35.600002,66.0,99.0,11.0
69.0,131.0,35.600002,66.0,99.0,11.0
70.0,131.0,35.600002,66.0,99.0,11.0
70.0,130.0,35.600002,66.0,99.0,13.0
69.0,130.0,35.600002,66.0,99.0,15.0
70.0,131.0,35.600002,66.0,99.0,51.0
69.0,131.0,35.600002,66.0,99.0,98.0
70.0,131.0,35.600002,66.0,99.0,59.0
69.0,130.0,35.600002,65.0,99.0,47.0
68.0,129.0,35.600002,65.0,99.0,29.0
69.0,129.0,35.600002,64.0,99.0,29.0
69.0,128.0,35.600002,65.0,99.0,20.0
70.0,130.0,35.600002,65.0,99.0,20.0
70.0,131.0,35.600002,66.0,99.0,15.0
69.0,131.0,35.600002,65.0,99.0,15.0
70.0,131.0,35.600002,65.0,99.0,15.0
69.0,130.0,35.600002,65.0,99.0,11.0
70.0,130.0,35.600002,65.0,99.0,16.0
70.0,131.0,35.600002,65.0,100.0,32.0
70.0,131.0,35.600002,65.0,100.0,37.0
70.0,132.0,35.600002,65.0,100.0,39.0
69.0,131.0,35.600002,65.0,100.0,37.0
69.0,130.0,35.600002,65.0,100.0,44.0
68.0,129.0,35.600002,64.0,100.0,46.0
68.0,128.0,35.600002,64.0,100.0,44.0
68.0,129.0,35.600002,63.0,99.0,31.0
67.0,127.0,35.600002,63.0,100.0,25.0
67.0,127.0,35.600002,63.0,100.0,23.0
68.0,127.0,35.600002,63.0,99.0,23.0
69.0,129.0,35.600002,64.0,99.0,18.0
70.0,131.0,35.600002,64.0,100.0,18.0
70.0,131.0,35.600002,65.0,99.0,13.0
71.0,132.0,35.600002,65.0,99.0,13.0
70.0,133.0,35.600002,65.0,99.0,13.0
70.0,131.0,35.600002,65.0,99.0,11.0
71.0,131.0,35.600002,65.0,99.0,11.0
71.0,132.0,35.600002,65.0,99.0,12.0
71.0,133.0,35.600002,65.0,100.0,12.0
70.0,133.0,35.600002,65.0,99.0,12.0
70.0,132.0,35.600002,65.0,99.0,11.0
71.0,133.0,35.600002,65.0,99.0,11.0
70.0,132.0,35.600002,65.0,99.0,17.0
71.0,133.0,35.600002,65.0,100.0,31.0
70.0,132.0,35.600002,64.0,100.0,25.0
70.0,131.0,35.600002,64.0,99.0,23.0
70.0,132.0,35.600002,64.0,99.0,22.0
70.0,132.0,35.600002,64.0,99.0,20.0
70.0,131.0,35.600002,64.0,100.0,19.0
69.0,130.0,35.600002,63.0,100.0,15.0
70.0,130.0,35.600002,63.0,99.0,14.0
70.0,131.0,35.600002,63.0,99.0,14.0
68.0,129.0,35.600002,63.0,99.0,11.0
69.0,129.0,35.600002,63.0,99.0,11.0
68.0,129.0,35.600002,62.0,99.0,11.0
68.0,129.0,35.600002,62.0,99.0,14.0
70.0,130.0,35.600002,62.0,99.0,20.0
70.0,130.0,35.600002,62.0,99.0,109.0
71.0,132.0,35.600002,62.0,99.0,57.0
70.0,131.0,35.600002,62.0,100.0,39.0
70.0,131.0,35.600002,62.0,100.0,39.0
72.0,133.0,35.600002,62.0,100.0,31.0
74.0,135.0,35.600002,63.0,100.0,33.0
74.0,137.0,35.600002,64.0,100.0,33.0
73.0,137.0,35.600002,63.0,100.0,33.0
72.0,135.0,35.600002,63.0,100.0,66.0
72.0,134.0,35.600002,62.0,100.0,43.0
74.0,135.0,35.600002,63.0,100.0,34.0
75.0,138.0,35.600002,63.0,100.0,31.0
74.0,138.0,35.600002,63.0,100.0,27.0
74.0,136.0,35.600002,63.0,100.0,22.0
75.0,137.0,35.600002,63.0,100.0,22.0
73.0,137.0,35.600002,63.0,100.0,17.0
74.0,136.0,35.7,63.0,100.0,16.0
74.0,137.0,35.7,62.0,100.0,13.0
71.0,136.0,35.7,61.0,100.0,12.0
71.0,133.0,35.7,61.0,100.0,12.0
71.0,132.0,35.7,61.0,100.0,11.0
73.0,133.0,35.7,61.0,100.0,11.0
75.0,136.0,35.7,63.0,100.0,11.0
77.0,139.0,35.7,65.0,100.0,11.0
80.0,144.0,35.7,67.0,100.0,11.0
80.0,147.0,35.7,68.0,100.0,12.0
81.0,147.0,35.7,68.0,100.0,12.0
80.0,147.0,35.7,69.0,100.0,12.0
80.0,147.0,35.7,69.0,100.0,11.0
81.0,148.0,35.600002,69.0,100.0,11.0
80.0,146.0,35.7,69.0,100.0,11.0
79.0,145.0,35.7,67.0,100.0,11.0
77.0,143.0,35.7,66.0,100.0,11.0
79.0,142.0,35.7,66.0,99.0,11.0
81.0,146.0,35.7,67.0,99.0,11.0
82.0,148.0,35.7,69.0,99.0,11.0
83.0,149.0,35.7,70.0,99.0,11.0
81.0,149.0,35.7,70.0,99.0,11.0
81.0,146.0,35.7,69.0,99.0,11.0
77.0,142.0,35.7,68.0,99.0,11.0
77.0,140.0,35.7,67.0,99.0,11.0
76.0,139.0,35.7,65.0,99.0,12.0
74.0,137.0,35.7,64.0,99.0,12.0
74.0,135.0,35.7,64.0,99.0,12.0
74.0,135.0,35.7,63.0,99.0,12.0
74.0,134.0,35.7,64.0,99.0,46.0
75.0,134.0,35.7,64.0,99.0,117.0
73.0,133.0,35.7,64.0,99.0,58.0
72.0,131.0,35.7,64.0,99.0,44.0
71.0,129.0,35.7,63.0,99.0,30.0
72.0,128.0,35.7,63.0,99.0,24.0
73.0,129.0,35.7,64.0,99.0,24.0
74.0,131.0,35.7,65.0,99.0,19.0
74.0,132.0,35.7,65.0,99.0,17.0
75.0,133.0,35.7,65.0,99.0,16.0
75.0,133.0,35.7,66.0,99.0,14.0
75.0,133.0,35.7,65.0,99.0,13.0
74.0,134.0,35.7,65.0,99.0,13.0
73.0,130.0,35.7,65.0,99.0,11.0
73.0,130.0,35.7,64.0,99.0,11.0
72.0,129.0,35.7,64.0,99.0,12.0
73.0,130.0,35.7,64.0,99.0,12.0
72.0,129.0,35.7,64.0,99.0,12.0
72.0,128.0,35.7,64.0,99.0,12.0
73.0,130.0,35.7,64.0,99.0,12.0
71.0,129.0,35.7,63.0,99.0,12.0
70.0,126.0,35.7,62.0,99.0,12.0
70.0,124.0,35.7,61.0,99.0,12.0
70.0,124.0,35.7,61.0,99.0,12.0
71.0,126.0,35.7,62.0,99.0,11.0
72.0,127.0,35.7,64.0,99.0,11.0
72.0,127.0,35.7,64.0,99.0,11.0
72.0,128.0,35.7,64.0,99.0,11.0
73.0,128.0,35.7,64.0,99.0,11.0
74.0,129.0,35.7,64.0,99.0,11.0
74.0,130.0,35.7,65.0,99.0,12.0
75.0,131.0,35.7,65.0,99.0,12.0
75.0,131.0,35.7,65.0,99.0,12.0
74.0,130.0,35.7,66.0,99.0,11.0
74.0,130.0,35.7,65.0,99.0,11.0
74.0,130.0,35.7,66.0,99.0,11.0
75.0,131.0,35.7,67.0,99.0,11.0
75.0,132.0,35.7,67.0,99.0,11.0
73.0,131.0,35.7,67.0,99.0,12.0
73.0,130.0,35.7,66.0,99.0,12.0
74.0,129.0,35.7,66.0,99.0,12.0
74.0,130.0,35.7,66.0,99.0,11.0
74.0,131.0,35.7,66.0,99.0,11.0
72.0,127.0,35.7,65.0,99.0,12.0
72.0,128.0,35.7,64.0,99.0,12.0
72.0,127.0,35.7,65.0,99.0,12.0
74.0,128.0,35.7,65.0,99.0,12.0
74.0,129.0,35.7,65.0,99.0,12.0
73.0,128.0,35.7,66.0,99.0,12.0
73.0,129.0,35.7,66.0,99.0,12.0
73.0,128.0,35.7,66.0,99.0,12.0
73.0,128.0,35.7,66.0,99.0,12.0
73.0,128.0,35.7,66.0,99.0,12.0
72.0,127.0,35.7,66.0,99.0,11.0
73.0,128.0,35.7,66.0,99.0,11.0
72.0,128.0,35.7,66.0,98.0,12.0
72.0,128.0,35.7,66.0,98.0,12.0
71.0,127.0,35.7,66.0,98.0,12.0
70.0,125.0,35.7,65.0,98.0,12.0
71.0,126.0,35.7,65.0,98.0,12.0
71.0,126.0,35.7,66.0,98.0,12.0
72.0,126.0,35.7,66.0,98.0,12.0
71.0,126.0,35.7,66.0,98.0,12.0
71.0,125.0,35.7,66.0,98.0,11.0
72.0,126.0,35.7,66.0,98.0,11.0
71.0,126.0,35.7,66.0,98.0,11.0
71.0,126.0,35.7,65.0,99.0,11.0
71.0,125.0,35.7,65.0,99.0,11.0
70.0,123.0,35.7,64.0,99.0,12.0
69.0,123.0,35.7,63.0,99.0,12.0
69.0,121.0,35.7,62.0,99.0,12.0
70.0,121.0,35.7,62.0,99.0,11.0
71.0,123.0,35.7,62.0,99.0,11.0
72.0,125.0,35.7,64.0,99.0,12.0
73.0,127.0,35.7,65.0,99.0,12.0
73.0,128.0,35.7,65.0,99.0,12.0
74.0,127.0,35.7,65.0,99.0,12.0
75.0,129.0,35.7,65.0,99.0,12.0
74.0,129.0,35.7,65.0,99.0,11.0
73.0,129.0,35.7,65.0,99.0,11.0
72.0,127.0,35.7,64.0,99.0,11.0
73.0,126.0,35.7,63.0,99.0,11.0
73.0,128.0,35.7,63.0,99.0,11.0
74.0,127.0,35.7,63.0,99.0,11.0
75.0,129.0,35.7,63.0,99.0,11.0
73.0,130.0,35.7,62.0,99.0,12.0
75.0,128.0,35.7,63.0,99.0,14.0
77.0,132.0,35.7,64.0,99.0,14.0
79.0,136.0,35.7,65.0,99.0,33.0
79.0,140.0,35.7,66.0,99.0,32.0
78.0,137.0,35.7,65.0,99.0,26.0
80.0,135.0,35.7,65.0,99.0,26.0
82.0,139.0,35.7,67.0,99.0,23.0
83.0,143.0,35.7,69.0,99.0,21.0
82.0,144.0,35.7,69.0,99.0,18.0
80.0,140.0,35.7,68.0,99.0,15.0
79.0,137.0,35.7,67.0,99.0,15.0
79.0,136.0,35.7,67.0,99.0,15.0
79.0,136.0,35.7,67.0,99.0,12.0
78.0,137.0,35.7,66.0,99.0,12.0
76.0,134.0,35.7,65.0,99.0,12.0
77.0,132.0,35.7,64.0,99.0,12.0
77.0,133.0,35.7,64.0,99.0,12.0
77.0,132.0,35.7,64.0,99.0,11.0
78.0,134.0,35.7,65.0,99.0,11.0
77.0,135.0,35.7,65.0,99.0,11.0
78.0,134.0,35.7,65.0,99.0,11.0
78.0,135.0,35.7,65.0,99.0,11.0
78.0,135.0,35.7,66.0,99.0,12.0
78.0,136.0,35.7,66.0,99.0,12.0
78.0,135.0,35.7,67.0,99.0,11.0
78.0,135.0,35.7,66.0,99.0,11.0
77.0,134.0,35.7,66.0,99.0,11.0
77.0,132.0,35.7,66.0,99.0,12.0
76.0,133.0,35.7,65.0,99.0,12.0
76.0,132.0,35.7,65.0,99.0,12.0
76.0,131.0,35.7,65.0,99.0,12.0
77.0,134.0,35.7,65.0,99.0,12.0
77.0,134.0,35.7,66.0,99.0,11.0
76.0,134.0,35.7,65.0,99.0,11.0
75.0,132.0,35.7,65.0,99.0,11.0
75.0,131.0,35.7,64.0,99.0,11.0
75.0,131.0,35.7,64.0,99.0,11.0
73.0,128.0,35.7,62.0,99.0,11.0
73.0,127.0,35.7,61.0,99.0,11.0
74.0,128.0,35.7,61.0,99.0,11.0
75.0,129.0,35.7,61.0,99.0,12.0
74.0,130.0,35.7,62.0,99.0,12.0
74.0,128.0,35.7,63.0,99.0,11.0
73.0,128.0,35.7,62.0,99.0,11.0
73.0,128.0,35.7,62.0,99.0,11.0
75.0,128.0,35.7,61.0,99.0,12.0
75.0,129.0,35.7,62.0,99.0,12.0
77.0,131.0,35.7,63.0,99.0,12.0
78.0,134.0,35.7,63.0,99.0,12.0
76.0,134.0,35.7,62.0,99.0,12.0
75.0,131.0,35.7,61.0,99.0,11.0
76.0,131.0,35.7,61.0,100.0,11.0
76.0,131.0,35.7,61.0,99.0,11.0
79.0,135.0,35.7,62.0,100.0,12.0
80.0,137.0,35.7,63.0,100.0,12.0
82.0,139.0,35.7,64.0,100.0,12.0
81.0,140.0,35.7,64.0,100.0,12.0
81.0,139.0,35.7,64.0,100.0,12.0
84.0,141.0,35.7,65.0,100.0,12.0
84.0,144.0,35.7,65.0,100.0,12.0
82.0,143.0,35.7,65.0,100.0,11.0
81.0,141.0,35.7,64.0,100.0,11.0
81.0,138.0,35.7,64.0,100.0,11.0
82.0,139.0,35.7,64.0,100.0,11.0
82.0,139.0,35.7,64.0,100.0,11.0
82.0,138.0,35.7,65.0,100.0,11.0
80.0,137.0,35.7,64.0,100.0,11.0
79.0,135.0,35.7,64.0,100.0,11.0
78.0,134.0,35.7,63.0,99.0,11.0
77.0,132.0,35.7,63.0,100.0,12.0
78.0,131.0,35.7,63.0,100.0,12.0
77.0,132.0,35.7,62.0,100.0,12.0
76.0,130.0,35.7,62.0,100.0,12.0
77.0,130.0,35.7,62.0,100.0,12.0
77.0,130.0,35.7,61.0,100.0,12.0
77.0,130.0,35.7,61.0,100.0,11.0
76.0,130.0,35.7,61.0,99.0,11.0
77.0,130.0,35.7,61.0,99.0,11.0
79.0,133.0,35.7,61.0,100.0,11.0
79.0,133.0,35.7,62.0,100.0,13.0
79.0,133.0,35.7,62.0,100.0,24.0
79.0,133.0,35.7,62.0,100.0,47.0
77.0,131.0,35.7,61.0,100.0,35.0
78.0,131.0,35.7,61.0,100.0,30.0
76.0,130.0,35.7,61.0,100.0,32.0
77.0,129.0,35.7,61.0,100.0,32.0
78.0,131.0,35.7,61.0,100.0,52.0
77.0,131.0,35.7,62.0,100.0,46.0
78.0,131.0,35.7,62.0,100.0,44.0
77.0,130.0,35.7,62.0,100.0,103.0
77.0,129.0,35.7,61.0,100.0,103.0
77.0,129.0,35.7,61.0,100.0,61.0
76.0,128.0,35.7,61.0,100.0,37.0
77.0,129.0,35.7,60.0,100.0,28.0
76.0,127.0,35.7,60.0,100.0,25.0
76.0,127.0,35.7,60.0,100.0,24.0
76.0,128.0,35.7,61.0,100.0,18.0
76.0,128.0,35.7,62.0,100.0,16.0
76.0,129.0,35.7,61.0,100.0,16.0
76.0,128.0,35.7,62.0,100.0,13.0
77.0,127.0,35.7,62.0,100.0,13.0
77.0,128.0,35.7,61.0,100.0,11.0
76.0,127.0,35.7,62.0,100.0,11.0
77.0,128.0,35.7,61.0,100.0,11.0
76.0,127.0,35.7,61.0,100.0,11.0
75.0,127.0,35.7,61.0,100.0,11.0
75.0,127.0,35.7,61.0,100.0,11.0
74.0,126.0,35.7,61.0,100.0,11.0
75.0,126.0,35.7,61.0,100.0,11.0
75.0,126.0,35.7,62.0,100.0,11.0
75.0,126.0,35.7,62.0,100.0,11.0
75.0,127.0,35.7,62.0,100.0,11.0
75.0,126.0,35.7,62.0,100.0,11.0
75.0,126.0,35.7,62.0,100.0,11.0
74.0,125.0,35.7,61.0,100.0,11.0
75.0,125.0,35.7,61.0,100.0,12.0
74.0,125.0,35.7,61.0,100.0,12.0
73.0,123.0,35.7,61.0,100.0,12.0
73.0,123.0,35.7,61.0,100.0,11.0
73.0,122.0,35.7,61.0,100.0,12.0
73.0,122.0,35.7,61.0,100.0,12.0
73.0,122.0,35.7,61.0,100.0,12.0
73.0,122.0,35.7,61.0,100.0,12.0
74.0,122.0,35.7,61.0,100.0,12.0
73.0,123.0,35.7,61.0,100.0,12.0
73.0,122.0,35.7,61.0,100.0,12.0
74.0,124.0,35.7,61.0,100.0,12.0
74.0,122.0,35.7,62.0,100.0,12.0
75.0,124.0,35.7,62.0,100.0,12.0
74.0,124.0,35.7,62.0,100.0,12.0
75.0,124.0,35.7,62.0,100.0,11.0
75.0,125.0,35.7,62.0,100.0,11.0
75.0,124.0,35.7,62.0,100.0,11.0
75.0,125.0,35.7,62.0,100.0,11.0
74.0,124.0,35.7,61.0,100.0,11.0
74.0,123.0,35.7,61.0,100.0,11.0
74.0,124.0,35.7,61.0,100.0,11.0
74.0,124.0,35.7,61.0,99.0,11.0
74.0,124.0,35.7,61.0,99.0,11.0
74.0,123.0,35.7,60.0,100.0,12.0
73.0,123.0,35.7,58.0,100.0,12.0
72.0,121.0,35.7,58.0,100.0,12.0
73.0,121.0,35.7,58.0,100.0,12.0
75.0,124.0,35.7,57.0,100.0,12.0
75.0,124.0,35.7,58.0,100.0,12.0
75.0,123.0,35.7,59.0,100.0,11.0
75.0,125.0,35.7,59.0,100.0,11.0
74.0,124.0,35.7,60.0,100.0,11.0
76.0,125.0,35.7,60.0,100.0,11.0
76.0,125.0,35.7,60.0,100.0,11.0
76.0,125.0,35.7,59.0,99.0,11.0
76.0,126.0,35.7,59.0,100.0,11.0
76.0,126.0,35.7,60.0,100.0,11.0
77.0,127.0,35.7,60.0,100.0,11.0
77.0,126.0,35.7,60.0,100.0,11.0
77.0,126.0,35.7,60.0,100.0,12.0
78.0,128.0,35.7,60.0,100.0,12.0
78.0,128.0,35.7,60.0,100.0,12.0
79.0,129.0,35.7,60.0,100.0,12.0
78.0,129.0,35.7,60.0,100.0,12.0
79.0,129.0,35.7,60.0,100.0,12.0
81.0,132.0,35.7,61.0,100.0,12.0
82.0,133.0,35.7,61.0,100.0,12.0
82.0,135.0,35.7,62.0,100.0,12.0
81.0,134.0,35.7,62.0,100.0,12.0
81.0,133.0,35.7,62.0,100.0,12.0
81.0,134.0,35.7,61.0,100.0,12.0
79.0,133.0,35.7,61.0,100.0,11.0
81.0,133.0,35.7,61.0,100.0,11.0
82.0,135.0,35.7,61.0,100.0,11.0
83.0,137.0,35.7,62.0,100.0,11.0
82.0,137.0,35.7,62.0,100.0,11.0
82.0,136.0,35.7,62.0,100.0,11.0
83.0,137.0,35.7,62.0,100.0,11.0
81.0,136.0,35.7,61.0,100.0,11.0
81.0,134.0,35.7,60.0,100.0,11.0
80.0,134.0,35.7,59.0,100.0,11.0
80.0,133.0,35.7,59.0,100.0,12.0
81.0,134.0,35.7,59.0,100.0,12.0
82.0,135.0,35.7,59.0,100.0,12.0
84.0,137.0,35.7,60.0,100.0,12.0
85.0,139.0,35.7,61.0,100.0,12.0
85.0,139.0,35.7,61.0,100.0,12.0
86.0,140.0,35.7,61.0,100.0,12.0
85.0,139.0,35.7,61.0,100.0,12.0
85.0,137.0,35.7,62.0,100.0,12.0
86.0,138.0,35.7,62.0,100.0,12.0
85.0,138.0,35.7,61.0,100.0,11.0
84.0,138.0,35.7,61.0,100.0,11.0
83.0,135.0,35.7,60.0,100.0,11.0
81.0,133.0,35.7,58.0,100.0,12.0
79.0,130.0,35.7,57.0,100.0,12.0
78.0,129.0,35.7,56.0,100.0,11.0
80.0,131.0,35.7,57.0,100.0,11.0
82.0,133.0,35.7,58.0,100.0,11.0
84.0,136.0,35.7,59.0,100.0,11.0
84.0,139.0,35.7,60.0,100.0,11.0
85.0,140.0,35.7,61.0,100.0,12.0
86.0,141.0,35.7,61.0,100.0,12.0
85.0,141.0,35.7,61.0,100.0,11.0
85.0,140.0,35.7,61.0,100.0,11.0
84.0,141.0,35.7,61.0,100.0,11.0
84.0,139.0,35.7,61.0,100.0,12.0
85.0,139.0,35.7,61.0,100.0,12.0
85.0,140.0,35.7,61.0,100.0,12.0
85.0,140.0,35.7,61.0,100.0,12.0
85.0,142.0,35.7,61.0,100.0,12.0
85.0,140.0,35.7,61.0,100.0,11.0
87.0,142.0,35.7,61.0,100.0,11.0
87.0,143.0,35.7,62.0,100.0,11.0
87.0,143.0,35.7,62.0,100.0,11.0
86.0,143.0,35.7,62.0,100.0,11.0
85.0,140.0,35.7,62.0,100.0,11.0
84.0,141.0,35.7,61.0,100.0,11.0
83.0,139.0,35.7,61.0,100.0,11.0
84.0,138.0,35.7,61.0,100.0,11.0
84.0,139.0,35.7,61.0,100.0,11.0
82.0,137.0,35.7,61.0,100.0,12.0
82.0,136.0,35.7,61.0,100.0,12.0
82.0,135.0,35.7,61.0,100.0,12.0
83.0,135.0,35.7,61.0,100.0,12.0
82.0,136.0,35.7,61.0,100.0,12.0
82.0,134.0,35.7,61.0,100.0,11.0
83.0,133.0,35.7,61.0,100.0,11.0
81.0,133.0,35.7,61.0,100.0,11.0
82.0,132.0,35.7,61.0,100.0,11.0
80.0,131.0,35.7,61.0,100.0,13.0
80.0,130.0,35.7,61.0,100.0,13.0
80.0,130.0,35.7,60.0,100.0,15.0
80.0,129.0,35.7,60.0,100.0,23.0
79.0,127.0,35.7,59.0,100.0,23.0
77.0,127.0,35.7,58.0,100.0,22.0
76.0,124.0,35.7,57.0,100.0,20.0
77.0,123.0,35.7,56.0,100.0,18.0
77.0,122.0,35.7,56.0,100.0,16.0
78.0,123.0,35.7,57.0,100.0,15.0
79.0,127.0,35.7,58.0,100.0,15.0
79.0,127.0,35.7,59.0,100.0,14.0
80.0,127.0,35.7,60.0,100.0,14.0
80.0,127.0,35.7,60.0,100.0,12.0
80.0,127.0,35.7,59.0,100.0,12.0
79.0,128.0,35.7,59.0,100.0,12.0
79.0,126.0,35.7,59.0,100.0,11.0
79.0,127.0,35.7,59.0,100.0,11.0
78.0,126.0,35.7,59.0,100.0,13.0
78.0,126.0,35.7,59.0,100.0,13.0
77.0,126.0,35.7,59.0,100.0,13.0
77.0,124.0,35.7,58.0,100.0,11.0
78.0,124.0,35.7,58.0,100.0,11.0
77.0,124.0,35.7,58.0,100.0,11.0
79.0,125.0,35.7,59.0,100.0,11.0
78.0,126.0,35.7,59.0,99.0,11.0
78.0,124.0,35.7,60.0,100.0,12.0
78.0,124.0,35.7,59.0,100.0,12.0
77.0,124.0,35.7,60.0,100.0,11.0
77.0,124.0,35.7,59.0,100.0,11.0
76.0,124.0,35.7,59.0,100.0,11.0
76.0,122.0,35.7,59.0,100.0,11.0
76.0,123.0,35.7,58.0,100.0,11.0
76.0,122.0,35.7,58.0,100.0,11.0
78.0,123.0,35.7,59.0,100.0,11.0
80.0,128.0,35.7,59.0,100.0,11.0
80.0,130.0,35.7,59.0,100.0,11.0
80.0,131.0,35.7,59.0,100.0,11.0
82.0,132.0,35.7,59.0,100.0,11.0
86.0,136.0,35.7,59.0,100.0,12.0
88.0,140.0,35.7,60.0,100.0,12.0
92.0,145.0,35.7,64.0,100.0,12.0
95.0,152.0,35.7,65.0,100.0,12.0
94.0,154.0,35.7,66.0,100.0,11.0
92.0,150.0,35.7,65.0,100.0,11.0
93.0,150.0,35.7,65.0,100.0,11.0
95.0,154.0,35.7,65.0,100.0,11.0
97.0,157.0,35.7,66.0,100.0,11.0
96.0,158.0,35.7,66.0,100.0,11.0
96.0,157.0,35.7,65.0,100.0,11.0
98.0,158.0,35.7,66.0,100.0,11.0
99.0,161.0,35.7,67.0,100.0,11.0
100.0,164.0,35.7,69.0,100.0,11.0
98.0,161.0,35.7,69.0,100.0,11.0
96.0,159.0,35.7,68.0,100.0,12.0
94.0,157.0,35.7,67.0,100.0,12.0
93.0,153.0,35.7,67.0,100.0,12.0
92.0,153.0,35.7,66.0,100.0,12.0
90.0,150.0,35.7,66.0,100.0,12.0
90.0,148.0,35.7,65.0,100.0,12.0
89.0,148.0,35.7,65.0,100.0,12.0
89.0,146.0,35.7,65.0,100.0,12.0
89.0,146.0,35.7,65.0,100.0,12.0
88.0,145.0,35.7,65.0,100.0,12.0
87.0,143.0,35.7,64.0,100.0,11.0
85.0,142.0,35.7,64.0,99.0,11.0
84.0,140.0,35.7,63.0,99.0,12.0
85.0,139.0,35.7,63.0,99.0,12.0
83.0,138.0,35.7,63.0,99.0,12.0
83.0,136.0,35.7,63.0,99.0,12.0
84.0,137.0,35.7,63.0,99.0,12.0
83.0,136.0,35.7,63.0,99.0,11.0
84.0,137.0,35.7,64.0,99.0,11.0
83.0,136.0,35.7,64.0,99.0,11.0
82.0,134.0,35.7,64.0,99.0,12.0
82.0,134.0,35.7,63.0,99.0,12.0
80.0,132.0,35.7,62.0,99.0,11.0
81.0,131.0,35.7,62.0,99.0,11.0
80.0,131.0,35.7,61.0,99.0,11.0
80.0,129.0,35.7,61.0,99.0,11.0
82.0,131.0,35.7,61.0,99.0,11.0
82.0,132.0,35.7,61.0,99.0,11.0
82.0,133.0,35.7,62.0,99.0,11.0
81.0,131.0,35.7,62.0,99.0,12.0
82.0,130.0,35.7,61.0,99.0,24.0
82.0,131.0,35.7,61.0,99.0,28.0
82.0,131.0,35.7,61.0,99.0,31.0
82.0,132.0,35.7,61.0,99.0,27.0
81.0,132.0,35.7,61.0,99.0,22.0
81.0,130.0,35.7,61.0,99.0,20.0
80.0,130.0,35.7,60.0,99.0,20.0
79.0,127.0,35.7,60.0,99.0,15.0
80.0,127.0,35.7,60.0,99.0,15.0
79.0,126.0,35.7,60.0,99.0,15.0
79.0,125.0,35.7,60.0,99.0,12.0
78.0,126.0,35.7,60.0,99.0,12.0
78.0,124.0,35.7,59.0,99.0,11.0
78.0,124.0,35.7,59.0,99.0,11.0
80.0,124.0,35.7,59.0,100.0,11.0
82.0,127.0,35.7,59.0,99.0,12.0
84.0,132.0,35.7,60.0,99.0,12.0
86.0,134.0,35.7,61.0,100.0,12.0
88.0,137.0,35.7,62.0,100.0,12.0
89.0,140.0,35.7,63.0,100.0,12.0
88.0,140.0,35.7,63.0,100.0,12.0
86.0,140.0,35.7,63.0,100.0,12.0
87.0,140.0,35.7,63.0,100.0,11.0
87.0,142.0,35.7,63.0,100.0,11.0
86.0,141.0,35.7,63.0,100.0,11.0
87.0,141.0,35.7,63.0,100.0,11.0
88.0,143.0,35.7,63.0,100.0,11.0
88.0,143.0,35.7,63.0,100.0,12.0
88.0,143.0,35.7,62.0,100.0,12.0
86.0,141.0,35.7,62.0,100.0,11.0
89.0,141.0,35.7,62.0,100.0,11.0
93.0,146.0,35.7,63.0,100.0,11.0
94.0,150.0,35.7,65.0,100.0,12.0
94.0,152.0,35.7,65.0,100.0,12.0
92.0,148.0,35.7,65.0,100.0,12.0
94.0,146.0,35.7,65.0,100.0,12.0
95.0,148.0,35.7,65.0,100.0,12.0
94.0,146.0,35.7,65.0,100.0,12.0
94.0,145.0,35.7,64.0,100.0,11.0
93.0,142.0,35.7,64.0,100.0,11.0
93.0,141.0,35.7,64.0,100.0,11.0
92.0,141.0,35.7,64.0,100.0,11.0
91.0,139.0,35.7,64.0,100.0,11.0
91.0,139.0,35.7,64.0,99.0,11.0
91.0,138.0,35.7,64.0,99.0,11.0
91.0,137.0,35.7,63.0,99.0,11.0
91.0,137.0,35.7,63.0,99.0,11.0
90.0,135.0,35.7,63.0,99.0,12.0
93.0,135.0,35.7,63.0,99.0,12.0
93.0,138.0,35.7,63.0,99.0,12.0
93.0,137.0,35.7,64.0,99.0,12.0
90.0,137.0,35.7,64.0,99.0,12.0
89.0,134.0,35.7,64.0,99.0,12.0
89.0,135.0,35.7,64.0,99.0,12.0
88.0,133.0,35.7,64.0,99.0,12.0
88.0,131.0,35.7,63.0,99.0,12.0
88.0,133.0,35.7,63.0,99.0,12.0
86.0,130.0,35.7,61.0,99.0,12.0
86.0,128.0,35.7,60.0,99.0,12.0
87.0,127.0,35.7,60.0,99.0,12.0
89.0,130.0,35.7,60.0,99.0,11.0
90.0,131.0,35.7,61.0,100.0,11.0
90.0,131.0,35.7,62.0,100.0,11.0
89.0,133.0,35.7,62.0,100.0,11.0
89.0,130.0,35.7,62.0,100.0,11.0
89.0,129.0,35.7,62.0,100.0,12.0
90.0,130.0,35.7,63.0,100.0,12.0
89.0,128.0,35.7,63.0,100.0,11.0
90.0,129.0,35.7,63.0,100.0,11.0
89.0,128.0,35.7,62.0,100.0,11.0
89.0,126.0,35.7,62.0,100.0,11.0
90.0,127.0,35.7,62.0,100.0,11.0
89.0,126.0,35.7,62.0,100.0,11.0
90.0,126.0,35.7,62.0,100.0,11.0
88.0,124.0,35.7,61.0,100.0,11.0
88.0,124.0,35.7,61.0,100.0,11.0
89.0,125.0,35.7,61.0,100.0,11.0
89.0,124.0,35.7,61.0,100.0,11.0
89.0,126.0,35.7,61.0,100.0,11.0
89.0,124.0,35.7,62.0,100.0,12.0
90.0,123.0,35.7,61.0,100.0,12.0
90.0,126.0,35.7,62.0,100.0,12.0
91.0,124.0,35.7,62.0,100.0,12.0
92.0,125.0,35.7,61.0,100.0,12.0
89.0,123.0,35.7,61.0,100.0,12.0
88.0,121.0,35.7,60.0,100.0,11.0
89.0,122.0,35.7,60.0,100.0,11.0
89.0,121.0,35.7,61.0,100.0,11.0
91.0,122.0,35.7,61.0,100.0,12.0
90.0,122.0,35.7,61.0,100.0,12.0
91.0,121.0,35.7,61.0,100.0,12.0
91.0,122.0,35.7,61.0,100.0,12.0
90.0,121.0,35.7,61.0,100.0,11.0
90.0,122.0,35.7,61.0,100.0,11.0
89.0,120.0,35.7,61.0,100.0,11.0
89.0,119.0,35.7,61.0,100.0,11.0
89.0,120.0,35.7,61.0,100.0,11.0
88.0,119.0,35.7,61.0,100.0,12.0
88.0,119.0,35.7,60.0,99.0,12.0
88.0,119.0,35.7,60.0,99.0,11.0
89.0,118.0,35.7,60.0,100.0,11.0
89.0,118.0,35.7,60.0,100.0,11.0
91.0,117.0,35.7,59.0,100.0,11.0
91.0,119.0,35.7,59.0,100.0,11.0
91.0,120.0,35.7,60.0,100.0,11.0
91.0,120.0,35.7,60.0,100.0,13.0
91.0,121.0,35.7,61.0,100.0,34.0
92.0,120.0,35.7,61.0,99.0,114.0
93.0,121.0,35.7,61.0,100.0,65.0
92.0,120.0,35.7,61.0,100.0,60.0
93.0,119.0,35.7,61.0,100.0,40.0
92.0,119.0,35.7,60.0,100.0,30.0
92.0,118.0,35.7,60.0,100.0,26.0
94.0,118.0,35.7,60.0,100.0,26.0
94.0,118.0,35.7,69.0,100.0,23.0
94.0,118.0,35.7,69.0,100.0,21.0
95.0,119.0,35.7,69.0,100.0,49.0
96.0,117.0,35.7,63.0,99.0,66.0
96.0,117.0,35.7,60.0,100.0,46.0
95.0,117.0,35.7,61.0,100.0,29.0
95.0,116.0,35.7,60.0,100.0,28.0
94.0,117.0,35.7,60.0,99.0,23.0
97.0,116.0,35.7,60.0,99.0,22.0
97.0,117.0,35.7,60.0,100.0,22.0
96.0,116.0,35.7,60.0,100.0,27.0
96.0,116.0,35.7,60.0,100.0,26.0
95.0,116.0,35.7,61.0,100.0,24.0
94.0,115.0,35.7,59.0,100.0,20.0
94.0,115.0,35.7,58.0,100.0,20.0
92.0,117.0,35.7,57.0,100.0,15.0
92.0,116.0,35.7,56.0,99.0,15.0
96.0,117.0,35.7,57.0,99.0,13.0
97.0,116.0,35.7,57.0,100.0,12.0
100.0,116.0,35.7,58.0,100.0,12.0
100.0,118.0,35.7,58.0,100.0,12.0
101.0,118.0,35.7,58.0,100.0,11.0
103.0,122.0,35.7,59.0,100.0,11.0
105.0,122.0,35.7,60.0,100.0,12.0
99.0,124.0,35.7,60.0,100.0,12.0
101.0,124.0,35.7,60.0,100.0,15.0
100.0,123.0,35.7,60.0,100.0,124.0
99.0,123.0,35.7,60.0,100.0,79.0
105.0,123.0,35.7,60.0,100.0,54.0
,,35.7,60.0,100.0,74.0
,,35.7,60.0,100.0,72.0
,,35.7,60.0,100.0,58.0
,,35.7,61.0,100.0,45.0
,,35.7,62.0,100.0,70.0
,,35.7,62.0,100.0,42.0
,,35.7,62.0,100.0,38.0
,,35.7,62.0,100.0,28.0
,,35.7,62.0,100.0,23.0
,,35.7,63.0,100.0,20.0
,,35.7,63.0,100.0,20.0
,,35.7,64.0,100.0,17.0
,,35.7,64.0,100.0,16.0
,,35.7,63.0,100.0,12.0
,,35.7,62.0,100.0,12.0
90.0,126.0,35.7,61.0,100.0,12.0
99.0,129.0,35.7,62.0,100.0,11.0
110.0,130.0,35.7,63.0,100.0,11.0
,,35.7,65.0,100.0,11.0
,,35.7,65.0,100.0,12.0
,,35.7,64.0,100.0,12.0
,,35.7,64.0,100.0,12.0
,,35.7,64.0,100.0,12.0
,,35.7,63.0,100.0,12.0
,,35.7,63.0,100.0,12.0
,,35.7,63.0,100.0,12.0
,,35.7,63.0,100.0,12.0
109.0,122.0,35.7,62.0,100.0,11.0
110.0,121.0,35.7,62.0,100.0,11.0
,,35.7,61.0,100.0,11.0
,,35.7,61.0,100.0,11.0
,,35.7,61.0,100.0,11.0
,,35.7,63.0,100.0,11.0
,,35.7,64.0,100.0,11.0
,,35.7,66.0,100.0,11.0
,,35.7,66.0,100.0,11.0
,,35.7,66.0,100.0,11.0
247.0,255.0,35.7,65.0,100.0,12.0
238.0,258.0,35.7,65.0,100.0,12.0
239.0,254.0,35.7,64.0,100.0,11.0
152.0,258.0,35.7,63.0,100.0,11.0
152.0,258.0,35.7,63.0,100.0,11.0
119.0,180.0,35.7,63.0,100.0,11.0
82.0,106.0,35.7,63.0,100.0,11.0
,,35.7,63.0,100.0,11.0
,,35.7,62.0,100.0,11.0
,,35.7,63.0,100.0,11.0
,,35.7,63.0,100.0,11.0
,,35.7,64.0,100.0,11.0
,,35.7,64.0,100.0,12.0
,,35.7,63.0,100.0,12.0
,,35.7,63.0,100.0,12.0
76.0,98.0,35.7,63.0,100.0,12.0
68.0,108.0,35.7,63.0,100.0,12.0
,,35.7,63.0,100.0,12.0
,,35.7,63.0,100.0,12.0
,,35.7,63.0,100.0,12.0
,,35.7,63.0,100.0,12.0
,,35.7,63.0,100.0,12.0
,,35.7,63.0,100.0,11.0
,,35.7,64.0,100.0,11.0
,,35.7,64.0,100.0,11.0
,,35.7,64.0,100.0,11.0
,,35.7,63.0,100.0,11.0
,,35.7,62.0,100.0,12.0
,,35.7,61.0,100.0,12.0
,,35.7,61.0,100.0,12.0
,,35.7,62.0,100.0,11.0
,,35.7,62.0,100.0,14.0
,,35.7,62.0,100.0,21.0
,,35.7,62.0,100.0,21.0
,,35.7,62.0,100.0,29.0
,,35.7,61.0,100.0,29.0
82.0,126.0,35.7,60.0,100.0,31.0
80.0,124.0,35.8,60.0,100.0,25.0
84.0,125.0,35.8,61.0,100.0,21.0
86.0,129.0,35.8,63.0,100.0,18.0
86.0,131.0,35.8,64.0,100.0,18.0
84.0,131.0,35.8,64.0,100.0,16.0
83.0,127.0,35.8,63.0,100.0,15.0
85.0,128.0,35.8,63.0,100.0,15.0
85.0,129.0,35.8,63.0,100.0,12.0
86.0,129.0,35.8,64.0,100.0,12.0
86.0,133.0,35.8,64.0,100.0,12.0
85.0,131.0,35.8,65.0,100.0,15.0
185.0,213.0,35.8,64.0,100.0,21.0
197.0,222.0,35.8,64.0,100.0,29.0
113.0,216.0,35.8,63.0,100.0,37.0
113.0,216.0,35.8,63.0,100.0,32.0
87.0,135.0,35.8,63.0,100.0,21.0
83.0,107.0,35.8,63.0,100.0,20.0
80.0,98.0,35.8,63.0,100.0,20.0
80.0,97.0,35.8,64.0,100.0,16.0
80.0,97.0,35.7,64.0,100.0,14.0
78.0,96.0,35.7,63.0,100.0,14.0
69.0,91.0,35.7,62.0,100.0,14.0
,,35.7,63.0,100.0,12.0
,,35.7,63.0,100.0,12.0
,,35.7,63.0,100.0,12.0
,,35.7,63.0,100.0,13.0
,,35.8,63.0,100.0,13.0
,,35.8,62.0,100.0,11.0
,,35.8,62.0,100.0,10.0
,,35.8,62.0,100.0,10.0
,,35.8,62.0,100.0,11.0
76.0,94.0,35.8,62.0,100.0,11.0
76.0,94.0,35.8,62.0,100.0,11.0
76.0,93.0,35.8,62.0,100.0,11.0
76.0,94.0,35.7,62.0,100.0,11.0
75.0,93.0,35.7,62.0,100.0,11.0
76.0,92.0,35.7,62.0,100.0,11.0
75.0,92.0,35.8,62.0,100.0,11.0
75.0,91.0,35.8,62.0,100.0,12.0
76.0,92.0,35.7,62.0,100.0,12.0
77.0,96.0,35.8,62.0,100.0,11.0
74.0,97.0,35.7,62.0,100.0,14.0
71.0,117.0,35.8,62.0,100.0,14.0
71.0,121.0,35.7,62.0,100.0,15.0
70.0,123.0,35.8,61.0,100.0,15.0
70.0,121.0,35.8,62.0,100.0,15.0
72.0,123.0,35.8,61.0,100.0,15.0
71.0,125.0,35.8,62.0,100.0,17.0
72.0,125.0,35.8,63.0,100.0,16.0
73.0,127.0,35.8,63.0,100.0,13.0
71.0,125.0,35.8,62.0,100.0,13.0
71.0,125.0,35.8,62.0,100.0,13.0
70.0,123.0,35.8,61.0,100.0,12.0
71.0,123.0,35.8,61.0,100.0,12.0
70.0,125.0,35.8,62.0,100.0,12.0
71.0,124.0,35.8,62.0,100.0,14.0
72.0,125.0,35.8,62.0,100.0,14.0
71.0,125.0,35.8,63.0,100.0,15.0
71.0,124.0,35.8,62.0,100.0,15.0
70.0,124.0,35.8,71.0,100.0,15.0
70.0,122.0,35.8,71.0,100.0,17.0
74.0,125.0,35.8,72.0,100.0,17.0
76.0,131.0,35.8,70.0,100.0,14.0
76.0,131.0,35.8,65.0,100.0,14.0
72.0,130.0,35.8,63.0,100.0,14.0
71.0,125.0,35.8,62.0,100.0,12.0
74.0,127.0,35.8,61.0,100.0,12.0
75.0,130.0,35.8,62.0,100.0,12.0
78.0,134.0,35.8,64.0,100.0,11.0
82.0,141.0,35.8,65.0,100.0,11.0
83.0,143.0,35.8,66.0,100.0,11.0
84.0,147.0,35.8,66.0,100.0,11.0
83.0,146.0,35.8,66.0,100.0,11.0
83.0,145.0,35.8,66.0,100.0,11.0
84.0,147.0,35.8,66.0,100.0,11.0
83.0,146.0,35.8,67.0,100.0,11.0
84.0,148.0,35.8,66.0,100.0,11.0
82.0,146.0,35.8,66.0,100.0,11.0
84.0,146.0,35.8,66.0,100.0,12.0
83.0,147.0,35.8,66.0,100.0,12.0
83.0,146.0,35.8,67.0,100.0,12.0
84.0,147.0,35.8,67.0,100.0,12.0
82.0,145.0,35.8,67.0,100.0,12.0
80.0,144.0,35.8,65.0,100.0,12.0
80.0,141.0,35.8,64.0,100.0,12.0
82.0,142.0,35.8,65.0,100.0,12.0
86.0,148.0,35.8,66.0,100.0,12.0
86.0,151.0,35.8,68.0,100.0,12.0
84.0,149.0,35.8,68.0,100.0,11.0
84.0,149.0,35.8,67.0,100.0,11.0
84.0,147.0,35.8,68.0,100.0,12.0
85.0,151.0,35.8,67.0,100.0,12.0
83.0,148.0,35.8,67.0,100.0,11.0
83.0,146.0,35.8,67.0,100.0,11.0
85.0,149.0,35.8,66.0,100.0,11.0
83.0,148.0,35.8,67.0,100.0,11.0
83.0,148.0,35.8,67.0,100.0,11.0
83.0,146.0,35.8,67.0,100.0,11.0
83.0,146.0,35.8,66.0,100.0,12.0
83.0,147.0,35.8,67.0,100.0,12.0
82.0,145.0,35.8,67.0,100.0,11.0
83.0,146.0,35.8,67.0,99.0,11.0
83.0,145.0,35.8,67.0,99.0,11.0
82.0,145.0,35.8,67.0,99.0,12.0
81.0,144.0,35.8,67.0,99.0,12.0
79.0,141.0,35.8,66.0,99.0,12.0
80.0,141.0,35.8,66.0,99.0,12.0
79.0,140.0,35.8,66.0,99.0,12.0
79.0,138.0,35.8,65.0,100.0,12.0
79.0,139.0,35.8,65.0,100.0,12.0
79.0,138.0,35.8,66.0,100.0,12.0
79.0,139.0,35.8,66.0,100.0,12.0
78.0,138.0,35.8,66.0,99.0,12.0
77.0,136.0,35.8,66.0,99.0,12.0
75.0,135.0,35.8,65.0,99.0,12.0
74.0,132.0,35.8,65.0,100.0,11.0
74.0,132.0,35.8,64.0,100.0,11.0
71.0,129.0,35.8,62.0,100.0,11.0
70.0,128.0,35.8,61.0,99.0,11.0
70.0,125.0,35.8,61.0,100.0,11.0
71.0,123.0,35.8,62.0,100.0,11.0
73.0,126.0,35.8,62.0,100.0,12.0
72.0,127.0,35.8,64.0,100.0,17.0
72.0,126.0,35.8,64.0,100.0,23.0
71.0,126.0,35.8,64.0,100.0,23.0
71.0,125.0,35.8,64.0,100.0,24.0
71.0,125.0,35.8,63.0,100.0,24.0
70.0,124.0,35.8,63.0,100.0,22.0
70.0,123.0,35.8,63.0,99.0,19.0
70.0,124.0,35.8,62.0,99.0,16.0
69.0,122.0,35.8,62.0,100.0,15.0
70.0,122.0,35.8,62.0,100.0,15.0
69.0,121.0,35.8,62.0,100.0,12.0
69.0,120.0,35.8,62.0,100.0,11.0
68.0,121.0,35.8,62.0,100.0,11.0
68.0,119.0,35.8,62.0,100.0,11.0
68.0,120.0,35.8,62.0,100.0,11.0
68.0,119.0,35.8,62.0,100.0,11.0
68.0,118.0,35.8,62.0,100.0,11.0
68.0,120.0,35.8,62.0,100.0,11.0
67.0,117.0,35.8,62.0,99.0,11.0
68.0,118.0,35.8,62.0,100.0,11.0
67.0,118.0,35.8,62.0,100.0,11.0
67.0,116.0,35.8,62.0,100.0,12.0
67.0,118.0,35.8,62.0,100.0,12.0
66.0,116.0,35.8,62.0,100.0,11.0
67.0,116.0,35.8,62.0,100.0,11.0
66.0,116.0,35.8,62.0,100.0,11.0
67.0,116.0,35.8,62.0,99.0,11.0
66.0,116.0,35.8,62.0,99.0,11.0
65.0,115.0,35.8,61.0,99.0,11.0
65.0,115.0,35.8,60.0,99.0,11.0
65.0,114.0,35.8,60.0,99.0,12.0
66.0,114.0,35.8,59.0,99.0,12.0
66.0,115.0,35.8,59.0,99.0,12.0
65.0,113.0,35.8,60.0,99.0,12.0
67.0,114.0,35.8,60.0,99.0,12.0
66.0,114.0,35.8,60.0,99.0,11.0
67.0,114.0,35.8,61.0,99.0,11.0
67.0,117.0,35.8,61.0,99.0,11.0
67.0,115.0,35.8,61.0,99.0,12.0
68.0,117.0,35.8,61.0,99.0,12.0
68.0,117.0,35.8,61.0,99.0,12.0
69.0,118.0,35.8,61.0,99.0,11.0
71.0,122.0,35.8,62.0,99.0,11.0
72.0,122.0,35.8,63.0,99.0,11.0
75.0,128.0,35.8,64.0,99.0,11.0
75.0,129.0,35.8,65.0,99.0,12.0
75.0,128.0,35.8,65.0,99.0,12.0
75.0,129.0,35.8,65.0,99.0,13.0
74.0,128.0,35.8,64.0,99.0,16.0
75.0,128.0,35.8,64.0,100.0,51.0
74.0,127.0,35.8,64.0,99.0,45.0
73.0,127.0,35.8,64.0,99.0,38.0
73.0,127.0,35.8,64.0,99.0,28.0
71.0,126.0,35.8,64.0,99.0,22.0
69.0,125.0,35.8,61.0,99.0,19.0
70.0,123.0,35.8,60.0,99.0,17.0
71.0,124.0,35.8,59.0,99.0,17.0
72.0,127.0,35.8,58.0,99.0,20.0
73.0,127.0,35.8,60.0,99.0,39.0
74.0,128.0,35.8,61.0,100.0,37.0
74.0,129.0,35.8,62.0,100.0,37.0
73.0,129.0,35.8,72.0,100.0,46.0
75.0,130.0,35.8,72.0,100.0,56.0
76.0,130.0,35.8,73.0,100.0,41.0
77.0,133.0,35.8,73.0,100.0,35.0
77.0,133.0,35.8,64.0,100.0,30.0
78.0,133.0,35.8,64.0,100.0,79.0
79.0,136.0,35.8,64.0,100.0,100.0
78.0,134.0,35.8,66.0,100.0,70.0
77.0,135.0,35.8,66.0,100.0,44.0
77.0,133.0,35.8,66.0,100.0,32.0
77.0,133.0,35.8,65.0,100.0,30.0
77.0,137.0,35.8,65.0,100.0,23.0
76.0,135.0,35.8,65.0,100.0,20.0
77.0,134.0,35.8,64.0,100.0,20.0
75.0,133.0,35.8,64.0,100.0,14.0
76.0,131.0,35.8,64.0,100.0,14.0
74.0,130.0,35.8,63.0,100.0,14.0
74.0,128.0,35.8,63.0,100.0,16.0
76.0,130.0,35.8,63.0,100.0,37.0
77.0,132.0,35.8,70.0,100.0,56.0
77.0,131.0,35.8,71.0,100.0,47.0
76.0,132.0,35.8,72.0,100.0,54.0
76.0,131.0,35.8,72.0,100.0,89.0
78.0,132.0,35.8,75.0,100.0,51.0
77.0,133.0,35.8,75.0,100.0,44.0
76.0,130.0,35.8,75.0,100.0,38.0
76.0,131.0,35.8,66.0,100.0,58.0
75.0,130.0,35.8,66.0,100.0,94.0
75.0,131.0,35.8,66.0,100.0,53.0
75.0,130.0,35.8,66.0,100.0,50.0
75.0,130.0,35.8,66.0,100.0,66.0
74.0,130.0,35.8,66.0,100.0,42.0
73.0,127.0,35.8,65.0,100.0,32.0
75.0,128.0,35.8,65.0,100.0,26.0
74.0,128.0,35.8,66.0,100.0,25.0
73.0,127.0,35.8,66.0,100.0,19.0
72.0,127.0,35.8,65.0,100.0,17.0
72.0,126.0,35.8,65.0,100.0,25.0
74.0,127.0,35.8,64.0,100.0,96.0
73.0,128.0,35.8,65.0,100.0,72.0
72.0,125.0,35.8,64.0,100.0,56.0
72.0,126.0,35.8,64.0,100.0,121.0
72.0,125.0,35.8,64.0,100.0,80.0
73.0,126.0,35.8,64.0,100.0,59.0
72.0,125.0,35.8,64.0,100.0,54.0
71.0,124.0,35.8,64.0,100.0,68.0
72.0,124.0,35.8,63.0,100.0,120.0
71.0,123.0,35.8,64.0,100.0,75.0
72.0,125.0,35.8,64.0,100.0,57.0
73.0,125.0,35.8,66.0,100.0,39.0
74.0,126.0,35.8,66.0,100.0,28.0
74.0,129.0,35.8,66.0,99.0,25.0
72.0,125.0,35.8,66.0,100.0,25.0
72.0,126.0,35.8,65.0,100.0,31.0
72.0,125.0,35.8,64.0,100.0,89.0
72.0,124.0,35.8,64.0,100.0,59.0
72.0,125.0,35.8,64.0,100.0,47.0
71.0,124.0,35.8,64.0,100.0,39.0
72.0,124.0,35.8,65.0,100.0,28.0
72.0,125.0,35.8,65.0,100.0,26.0
71.0,124.0,35.8,64.0,100.0,54.0
70.0,124.0,35.8,64.0,100.0,53.0
70.0,122.0,35.8,64.0,100.0,41.0
72.0,123.0,35.8,64.0,100.0,30.0
72.0,125.0,35.8,65.0,100.0,30.0
73.0,125.0,35.8,65.0,100.0,32.0
74.0,126.0,35.8,65.0,100.0,29.0
72.0,124.0,35.8,65.0,100.0,26.0
73.0,124.0,35.8,65.0,100.0,24.0
71.0,123.0,35.8,65.0,100.0,24.0
70.0,121.0,35.8,64.0,100.0,19.0
71.0,122.0,35.8,64.0,100.0,17.0
70.0,120.0,35.8,64.0,100.0,21.0
70.0,121.0,35.8,64.0,100.0,51.0
70.0,120.0,35.8,64.0,100.0,47.0
69.0,119.0,35.8,64.0,100.0,43.0
69.0,120.0,35.8,64.0,100.0,43.0
69.0,117.0,35.8,64.0,100.0,49.0
69.0,119.0,35.8,63.0,100.0,54.0
70.0,120.0,35.8,64.0,100.0,192.0
71.0,120.0,35.8,64.0,100.0,109.0
71.0,123.0,35.8,64.0,100.0,128.0
71.0,122.0,35.8,64.0,100.0,66.0
71.0,121.0,35.8,64.0,100.0,62.0
69.0,120.0,35.8,65.0,100.0,47.0
69.0,118.0,35.8,65.0,100.0,40.0
70.0,120.0,35.8,65.0,100.0,30.0
70.0,120.0,35.8,65.0,100.0,24.0
70.0,120.0,35.8,65.0,100.0,20.0
69.0,120.0,35.8,65.0,100.0,19.0
69.0,118.0,35.8,64.0,100.0,15.0
65.0,118.0,35.8,64.0,100.0,14.0
67.0,118.0,35.8,64.0,100.0,14.0
68.0,118.0,35.8,64.0,100.0,18.0
67.0,117.0,35.8,64.0,100.0,24.0
67.0,116.0,35.8,63.0,99.0,44.0
67.0,116.0,35.8,63.0,99.0,48.0
66.0,114.0,35.8,63.0,99.0,35.0
67.0,113.0,35.8,62.0,99.0,27.0
65.0,114.0,35.8,62.0,99.0,27.0
65.0,111.0,35.8,61.0,99.0,24.0
66.0,112.0,35.8,61.0,100.0,116.0
66.0,112.0,35.8,62.0,99.0,54.0
67.0,114.0,35.8,62.0,100.0,40.0
67.0,114.0,35.8,63.0,100.0,30.0
67.0,113.0,35.8,64.0,100.0,29.0
68.0,115.0,35.8,63.0,100.0,23.0
66.0,112.0,35.8,63.0,100.0,19.0
67.0,112.0,35.8,63.0,100.0,19.0
66.0,112.0,35.8,63.0,100.0,15.0
66.0,113.0,35.8,62.0,100.0,14.0
66.0,113.0,35.8,62.0,100.0,13.0
67.0,113.0,35.8,62.0,100.0,13.0
69.0,116.0,35.8,62.0,100.0,13.0
70.0,118.0,35.8,63.0,100.0,12.0
71.0,119.0,35.8,64.0,100.0,12.0
72.0,121.0,35.8,64.0,100.0,12.0
71.0,120.0,35.8,64.0,100.0,12.0
71.0,121.0,35.8,65.0,100.0,12.0
70.0,122.0,35.8,65.0,100.0,11.0
70.0,120.0,35.8,64.0,100.0,14.0
69.0,121.0,35.8,63.0,100.0,14.0
68.0,119.0,35.8,62.0,100.0,16.0
69.0,118.0,35.8,61.0,100.0,16.0
69.0,119.0,35.8,62.0,100.0,15.0
71.0,120.0,35.8,62.0,100.0,15.0
71.0,123.0,35.8,63.0,100.0,17.0
70.0,120.0,35.8,63.0,100.0,16.0
70.0,120.0,35.8,63.0,100.0,13.0
69.0,118.0,35.8,63.0,100.0,12.0
70.0,117.0,35.8,63.0,100.0,12.0
70.0,119.0,35.8,63.0,100.0,12.0
69.0,117.0,35.8,64.0,100.0,12.0
70.0,117.0,35.8,64.0,100.0,12.0
69.0,117.0,35.8,63.0,100.0,12.0
68.0,115.0,35.8,63.0,100.0,12.0
68.0,116.0,35.8,62.0,100.0,11.0
68.0,114.0,35.8,62.0,100.0,11.0
69.0,116.0,35.8,62.0,100.0,11.0
68.0,115.0,35.8,63.0,100.0,12.0
68.0,114.0,35.8,63.0,100.0,12.0
68.0,115.0,35.8,63.0,100.0,12.0
67.0,114.0,35.8,63.0,100.0,12.0
68.0,115.0,35.8,62.0,100.0,12.0
67.0,116.0,35.8,61.0,100.0,12.0
65.0,115.0,35.8,59.0,100.0,11.0
65.0,114.0,35.8,58.0,100.0,11.0
66.0,114.0,35.8,58.0,100.0,11.0
68.0,116.0,35.8,58.0,100.0,11.0
68.0,118.0,35.8,59.0,100.0,12.0
69.0,118.0,35.8,60.0,100.0,12.0
70.0,122.0,35.8,60.0,100.0,12.0
69.0,120.0,35.8,60.0,100.0,12.0
70.0,121.0,35.8,60.0,100.0,197.0
70.0,121.0,35.8,60.0,100.0,92.0
71.0,121.0,35.8,65.0,100.0,59.0
73.0,124.0,35.8,67.0,100.0,110.0
74.0,125.0,35.8,68.0,100.0,51.0
75.0,127.0,35.8,63.0,100.0,37.0
75.0,127.0,35.8,64.0,100.0,32.0
76.0,127.0,35.8,64.0,100.0,27.0
76.0,129.0,35.8,66.0,100.0,22.0
75.0,128.0,35.8,66.0,100.0,20.0
76.0,128.0,35.8,66.0,100.0,20.0
74.0,126.0,35.8,65.0,100.0,15.0
73.0,124.0,35.8,64.0,100.0,15.0
73.0,124.0,35.8,63.0,100.0,24.0
72.0,123.0,35.8,63.0,100.0,69.0
72.0,124.0,35.8,61.0,100.0,72.0
71.0,123.0,35.8,61.0,100.0,74.0
71.0,122.0,35.8,61.0,100.0,79.0
73.0,125.0,35.8,61.0,100.0,97.0
71.0,124.0,35.8,61.0,100.0,85.0
73.0,124.0,35.8,62.0,99.0,70.0
73.0,125.0,35.8,62.0,100.0,44.0
74.0,125.0,35.8,62.0,100.0,35.0
74.0,128.0,35.8,62.0,99.0,25.0
72.0,126.0,35.8,61.0,99.0,25.0
73.0,125.0,35.8,61.0,99.0,18.0
72.0,125.0,35.8,61.0,100.0,16.0
74.0,125.0,35.8,61.0,100.0,16.0
74.0,127.0,35.8,62.0,100.0,13.0
73.0,125.0,35.8,63.0,99.0,12.0
73.0,125.0,35.8,63.0,99.0,12.0
72.0,123.0,35.8,63.0,100.0,12.0
72.0,122.0,35.8,63.0,100.0,11.0
72.0,123.0,35.8,63.0,99.0,11.0
71.0,121.0,35.8,63.0,99.0,11.0
72.0,122.0,35.8,63.0,99.0,14.0
71.0,120.0,35.8,64.0,99.0,15.0
71.0,119.0,35.8,64.0,99.0,15.0
71.0,121.0,35.8,64.0,99.0,15.0
70.0,118.0,35.8,64.0,99.0,15.0
70.0,118.0,35.8,63.0,99.0,15.0
69.0,118.0,35.8,64.0,99.0,16.0
69.0,116.0,35.8,63.0,99.0,15.0
68.0,117.0,35.8,63.0,99.0,15.0
68.0,114.0,35.8,63.0,99.0,13.0
70.0,116.0,35.8,64.0,99.0,13.0
71.0,117.0,35.8,65.0,99.0,12.0
72.0,119.0,35.8,66.0,99.0,12.0
70.0,120.0,35.8,66.0,99.0,12.0
68.0,116.0,35.8,66.0,99.0,15.0
68.0,116.0,35.8,65.0,99.0,20.0
68.0,114.0,35.8,65.0,99.0,22.0
68.0,114.0,35.8,65.0,99.0,22.0
69.0,117.0,35.8,65.0,99.0,23.0
67.0,114.0,35.8,65.0,99.0,23.0
67.0,115.0,35.8,64.0,99.0,18.0
66.0,113.0,35.8,64.0,99.0,17.0
66.0,112.0,35.8,63.0,99.0,17.0
66.0,113.0,35.8,63.0,99.0,13.0
65.0,110.0,35.8,63.0,99.0,13.0
66.0,111.0,35.8,63.0,99.0,13.0
65.0,111.0,35.8,64.0,99.0,11.0
66.0,111.0,35.8,64.0,99.0,11.0
65.0,112.0,35.8,64.0,99.0,11.0
64.0,109.0,35.8,63.0,99.0,12.0
65.0,110.0,35.8,63.0,99.0,12.0
64.0,110.0,35.8,63.0,99.0,12.0
64.0,108.0,35.8,63.0,99.0,12.0
65.0,111.0,35.8,63.0,99.0,11.0
64.0,109.0,35.8,63.0,99.0,11.0
65.0,111.0,35.8,63.0,99.0,11.0
64.0,109.0,35.8,63.0,99.0,12.0
65.0,109.0,35.8,63.0,99.0,12.0
65.0,111.0,35.8,63.0,99.0,11.0
65.0,109.0,35.8,64.0,99.0,11.0
66.0,111.0,35.8,64.0,99.0,11.0
65.0,111.0,35.8,64.0,99.0,11.0
65.0,110.0,35.8,64.0,99.0,11.0
65.0,112.0,35.8,64.0,99.0,11.0
64.0,109.0,35.8,64.0,99.0,12.0
65.0,111.0,35.8,63.0,99.0,12.0
65.0,111.0,35.8,63.0,99.0,15.0
65.0,109.0,35.8,63.0,99.0,15.0
66.0,112.0,35.8,63.0,99.0,15.0
65.0,111.0,35.8,63.0,99.0,16.0
66.0,111.0,35.8,63.0,99.0,17.0
66.0,112.0,35.8,63.0,99.0,15.0
66.0,112.0,35.8,63.0,99.0,15.0
66.0,114.0,35.8,63.0,99.0,15.0
65.0,111.0,35.8,63.0,99.0,15.0
67.0,113.0,35.8,63.0,99.0,15.0
66.0,113.0,35.8,64.0,99.0,12.0
67.0,113.0,35.8,64.0,99.0,12.0
67.0,115.0,35.8,64.0,99.0,11.0
67.0,114.0,35.8,65.0,99.0,11.0
68.0,116.0,35.8,64.0,99.0,11.0
67.0,115.0,35.8,64.0,99.0,12.0
66.0,113.0,35.8,64.0,99.0,12.0
67.0,115.0,35.8,63.0,99.0,12.0
67.0,114.0,35.8,64.0,99.0,11.0
68.0,116.0,35.8,64.0,99.0,11.0
68.0,116.0,35.8,64.0,99.0,11.0
68.0,115.0,35.8,64.0,99.0,11.0
69.0,118.0,35.8,64.0,99.0,11.0
67.0,115.0,35.8,64.0,99.0,11.0
69.0,116.0,35.8,64.0,99.0,11.0
68.0,117.0,35.8,64.0,99.0,11.0
69.0,117.0,35.8,64.0,99.0,11.0
69.0,119.0,35.8,64.0,99.0,11.0
69.0,117.0,35.8,65.0,99.0,12.0
70.0,118.0,35.8,64.0,99.0,12.0
69.0,119.0,35.8,65.0,99.0,11.0
69.0,118.0,35.8,65.0,99.0,11.0
69.0,119.0,35.8,64.0,99.0,11.0
68.0,116.0,35.8,64.0,99.0,11.0
67.0,117.0,35.8,63.0,99.0,11.0
67.0,115.0,35.8,63.0,99.0,12.0
68.0,115.0,35.8,62.0,99.0,12.0
69.0,120.0,35.8,62.0,99.0,12.0
69.0,120.0,35.8,63.0,99.0,11.0
69.0,120.0,35.8,62.0,99.0,11.0
69.0,119.0,35.8,62.0,99.0,12.0
70.0,119.0,35.8,62.0,99.0,12.0
70.0,121.0,35.8,63.0,99.0,12.0
69.0,120.0,35.8,63.0,99.0,12.0
71.0,120.0,35.8,63.0,100.0,12.0
70.0,121.0,35.8,63.0,100.0,12.0
71.0,120.0,35.8,63.0,100.0,12.0
72.0,123.0,35.8,64.0,99.0,12.0
72.0,123.0,35.8,64.0,99.0,12.0
72.0,125.0,35.8,64.0,100.0,12.0
72.0,124.0,35.8,63.0,100.0,12.0
72.0,123.0,35.8,63.0,100.0,12.0
71.0,124.0,35.8,62.0,100.0,12.0
70.0,122.0,35.8,62.0,100.0,11.0
73.0,123.0,35.8,62.0,100.0,11.0
75.0,126.0,35.8,64.0,100.0,11.0
78.0,130.0,35.8,66.0,100.0,11.0
78.0,133.0,35.8,67.0,100.0,11.0
76.0,131.0,35.8,67.0,100.0,11.0
77.0,131.0,35.8,66.0,100.0,11.0
75.0,130.0,35.8,65.0,100.0,11.0
75.0,128.0,35.8,65.0,100.0,11.0
75.0,129.0,35.8,64.0,100.0,11.0
75.0,127.0,35.8,64.0,100.0,12.0
77.0,129.0,35.8,64.0,100.0,12.0
77.0,131.0,35.8,64.0,100.0,12.0
77.0,130.0,35.8,64.0,100.0,11.0
79.0,134.0,35.8,65.0,100.0,12.0
79.0,133.0,35.8,66.0,100.0,12.0
82.0,138.0,35.8,66.0,100.0,12.0
81.0,138.0,35.8,67.0,100.0,12.0
82.0,138.0,35.8,66.0,100.0,11.0
83.0,141.0,35.8,66.0,100.0,12.0
82.0,139.0,35.8,67.0,100.0,12.0
84.0,140.0,35.8,67.0,100.0,12.0
83.0,142.0,35.8,66.0,100.0,12.0
82.0,140.0,35.8,65.0,100.0,12.0
83.0,142.0,35.8,65.0,100.0,12.0
83.0,142.0,35.8,64.0,100.0,11.0
86.0,145.0,35.8,65.0,100.0,11.0
88.0,147.0,35.8,66.0,100.0,11.0
89.0,149.0,35.8,68.0,100.0,12.0
90.0,152.0,35.8,69.0,100.0,11.0
88.0,150.0,35.8,69.0,100.0,11.0
89.0,150.0,35.8,68.0,100.0,11.0
88.0,149.0,35.8,69.0,100.0,12.0
89.0,148.0,35.8,69.0,100.0,14.0
88.0,151.0,35.8,69.0,100.0,14.0
87.0,147.0,35.8,69.0,100.0,16.0
87.0,148.0,35.8,68.0,100.0,16.0
86.0,146.0,35.8,68.0,100.0,17.0
85.0,145.0,35.8,68.0,100.0,16.0
86.0,147.0,35.8,68.0,100.0,16.0
87.0,145.0,35.8,69.0,100.0,15.0
88.0,148.0,35.8,71.0,100.0,15.0
88.0,147.0,35.8,72.0,100.0,13.0
86.0,145.0,35.8,72.0,100.0,13.0
85.0,145.0,35.8,72.0,100.0,13.0
84.0,140.0,35.8,72.0,100.0,11.0
84.0,142.0,35.8,72.0,100.0,11.0
82.0,140.0,35.8,72.0,99.0,11.0
81.0,137.0,35.8,72.0,99.0,14.0
81.0,139.0,35.8,71.0,99.0,14.0
79.0,135.0,35.8,70.0,99.0,16.0
77.0,134.0,35.8,68.0,99.0,16.0
78.0,131.0,35.8,69.0,99.0,16.0
81.0,134.0,35.8,69.0,99.0,16.0
81.0,138.0,35.8,72.0,99.0,17.0
81.0,135.0,35.8,73.0,99.0,15.0
82.0,138.0,35.8,72.0,99.0,15.0
80.0,136.0,35.8,72.0,99.0,13.0
78.0,133.0,35.8,71.0,99.0,13.0
76.0,132.0,35.8,69.0,99.0,13.0
74.0,127.0,35.8,68.0,99.0,11.0
75.0,126.0,35.8,67.0,99.0,11.0
73.0,125.0,35.8,67.0,99.0,12.0
73.0,122.0,35.8,67.0,99.0,12.0
72.0,123.0,35.8,66.0,99.0,12.0
71.0,120.0,35.8,67.0,99.0,12.0
71.0,121.0,35.8,66.0,99.0,12.0
70.0,119.0,35.8,66.0,99.0,12.0
70.0,117.0,35.8,66.0,99.0,11.0
70.0,119.0,35.8,65.0,99.0,11.0
68.0,116.0,35.8,65.0,99.0,12.0
69.0,116.0,35.8,65.0,99.0,12.0
69.0,117.0,35.8,65.0,99.0,11.0
68.0,115.0,35.8,65.0,99.0,11.0
68.0,117.0,35.8,65.0,99.0,11.0
67.0,114.0,35.8,65.0,99.0,12.0
68.0,115.0,35.8,65.0,99.0,12.0
68.0,115.0,35.8,65.0,99.0,12.0
66.0,113.0,35.8,64.0,99.0,12.0
66.0,114.0,35.8,63.0,99.0,12.0
67.0,112.0,35.8,64.0,99.0,12.0
69.0,116.0,35.8,64.0,99.0,12.0
68.0,116.0,35.8,65.0,99.0,12.0
69.0,115.0,35.8,65.0,99.0,12.0
71.0,120.0,35.8,66.0,99.0,12.0
70.0,119.0,35.8,66.0,99.0,11.0
71.0,120.0,35.8,66.0,99.0,11.0
71.0,120.0,35.8,66.0,99.0,11.0
71.0,120.0,35.8,66.0,99.0,11.0
70.0,121.0,35.8,66.0,99.0,11.0
69.0,118.0,35.8,65.0,99.0,11.0
69.0,118.0,35.8,65.0,99.0,11.0
69.0,117.0,35.8,64.0,99.0,11.0
69.0,116.0,35.8,64.0,99.0,11.0
69.0,118.0,35.8,64.0,99.0,11.0
69.0,116.0,35.8,63.0,99.0,12.0
66.0,115.0,35.8,61.0,99.0,12.0
65.0,112.0,35.8,60.0,99.0,12.0
65.0,110.0,35.8,60.0,99.0,11.0
68.0,114.0,35.8,61.0,99.0,11.0
67.0,113.0,35.8,62.0,99.0,12.0
68.0,114.0,35.8,63.0,99.0,12.0
67.0,113.0,35.8,63.0,99.0,11.0
66.0,110.0,35.8,62.0,99.0,11.0
66.0,111.0,35.8,62.0,99.0,11.0
65.0,110.0,35.8,61.0,99.0,11.0
65.0,110.0,35.8,61.0,99.0,11.0
67.0,113.0,35.8,62.0,99.0,11.0
68.0,115.0,35.8,62.0,99.0,12.0
69.0,119.0,35.8,62.0,99.0,12.0
68.0,117.0,35.8,61.0,99.0,11.0
66.0,114.0,35.8,59.0,99.0,11.0
64.0,114.0,35.8,58.0,100.0,11.0
64.0,112.0,35.8,57.0,99.0,12.0
65.0,113.0,35.8,57.0,99.0,12.0
66.0,115.0,35.8,57.0,100.0,12.0
68.0,119.0,35.8,58.0,100.0,12.0
68.0,120.0,35.8,58.0,99.0,12.0
68.0,119.0,35.8,59.0,100.0,12.0
67.0,119.0,35.8,59.0,100.0,12.0
67.0,116.0,35.8,60.0,100.0,12.0
69.0,117.0,35.8,61.0,100.0,12.0
69.0,118.0,35.8,62.0,100.0,12.0
69.0,117.0,35.8,62.0,100.0,12.0
69.0,119.0,35.8,62.0,100.0,12.0
69.0,117.0,35.8,62.0,100.0,11.0
69.0,119.0,35.8,63.0,100.0,11.0
69.0,118.0,35.8,63.0,100.0,11.0
70.0,117.0,35.8,63.0,100.0,11.0
69.0,119.0,35.8,63.0,100.0,11.0
68.0,117.0,35.8,63.0,100.0,12.0
70.0,117.0,35.8,63.0,100.0,12.0
70.0,118.0,35.8,64.0,100.0,11.0
70.0,117.0,35.8,64.0,100.0,11.0
70.0,119.0,35.8,64.0,100.0,11.0
70.0,117.0,35.8,65.0,100.0,11.0
70.0,118.0,35.8,64.0,100.0,11.0
69.0,117.0,35.8,64.0,99.0,11.0
69.0,115.0,35.8,64.0,99.0,12.0
70.0,118.0,35.8,64.0,99.0,12.0
70.0,116.0,35.8,65.0,100.0,12.0
70.0,117.0,35.8,65.0,100.0,12.0
69.0,116.0,35.8,65.0,100.0,12.0
69.0,114.0,35.8,65.0,100.0,11.0
69.0,116.0,35.8,65.0,100.0,11.0
68.0,114.0,35.8,66.0,100.0,12.0
69.0,114.0,35.8,66.0,100.0,12.0
66.0,115.0,35.8,65.0,100.0,12.0
66.0,111.0,35.8,64.0,100.0,12.0
66.0,112.0,35.8,64.0,100.0,12.0
65.0,110.0,35.8,63.0,100.0,11.0
67.0,111.0,35.8,64.0,100.0,11.0
67.0,112.0,35.8,65.0,100.0,11.0
68.0,112.0,35.8,66.0,100.0,12.0
68.0,115.0,35.8,66.0,100.0,12.0
67.0,112.0,35.8,66.0,100.0,11.0
68.0,114.0,35.8,66.0,100.0,11.0
68.0,114.0,35.8,66.0,100.0,11.0
69.0,113.0,35.8,67.0,100.0,11.0
70.0,116.0,35.8,67.0,100.0,11.0
68.0,113.0,35.8,68.0,100.0,12.0
69.0,114.0,35.8,68.0,100.0,12.0
69.0,115.0,35.8,68.0,100.0,12.0
69.0,114.0,35.8,68.0,100.0,12.0
68.0,116.0,35.8,67.0,100.0,12.0
68.0,114.0,35.8,67.0,99.0,11.0
70.0,115.0,35.8,66.0,99.0,11.0
71.0,116.0,35.8,68.0,99.0,11.0
72.0,117.0,35.8,69.0,99.0,11.0
73.0,120.0,35.8,70.0,99.0,11.0
75.0,120.0,35.8,70.0,99.0,11.0
79.0,124.0,35.8,70.0,100.0,11.0
81.0,130.0,35.8,70.0,100.0,11.0
81.0,130.0,35.8,69.0,99.0,11.0
68.0,68.0,35.8,67.0,99.0,11.0
68.0,68.0,35.8,66.0,99.0,12.0
62.0,62.0,35.8,65.0,99.0,12.0
62.0,62.0,35.8,65.0,99.0,12.0
61.0,61.0,35.8,67.0,99.0,12.0
67.0,81.0,35.8,70.0,99.0,12.0
73.0,96.0,35.8,71.0,99.0,11.0
82.0,126.0,35.8,72.0,99.0,11.0
81.0,131.0,35.8,73.0,99.0,12.0
80.0,128.0,35.8,72.0,99.0,12.0
79.0,129.0,35.8,71.0,99.0,12.0
77.0,125.0,35.8,71.0,99.0,12.0
76.0,126.0,35.8,71.0,99.0,12.0
73.0,121.0,35.8,71.0,99.0,12.0
71.0,116.0,35.8,72.0,99.0,11.0
70.0,117.0,35.8,71.0,99.0,11.0
68.0,112.0,35.8,71.0,99.0,11.0
68.0,112.0,35.8,70.0,99.0,11.0
67.0,111.0,35.8,70.0,99.0,11.0
66.0,109.0,35.8,69.0,99.0,11.0
67.0,111.0,35.8,69.0,99.0,11.0
66.0,109.0,35.8,70.0,99.0,11.0
68.0,111.0,35.8,70.0,99.0,11.0
67.0,111.0,35.8,70.0,99.0,11.0
67.0,110.0,35.8,70.0,99.0,12.0
67.0,112.0,35.8,70.0,99.0,12.0
65.0,109.0,35.8,70.0,99.0,11.0
66.0,110.0,35.8,68.0,99.0,11.0
64.0,109.0,35.8,68.0,99.0,12.0
64.0,107.0,35.8,67.0,99.0,12.0
65.0,109.0,35.8,67.0,99.0,12.0
64.0,107.0,35.8,69.0,99.0,12.0
66.0,109.0,35.8,69.0,99.0,12.0
65.0,108.0,35.8,69.0,99.0,12.0
64.0,107.0,35.8,69.0,99.0,12.0
65.0,109.0,35.8,68.0,99.0,12.0
63.0,106.0,35.8,68.0,99.0,11.0
63.0,106.0,35.8,67.0,99.0,11.0
63.0,105.0,35.8,66.0,99.0,11.0
60.0,102.0,35.8,65.0,99.0,11.0
59.0,102.0,35.8,64.0,99.0,11.0
60.0,101.0,35.8,63.0,99.0,11.0
62.0,104.0,35.8,64.0,99.0,11.0
62.0,104.0,35.8,66.0,99.0,11.0
63.0,103.0,35.8,67.0,99.0,11.0
64.0,107.0,35.8,68.0,99.0,11.0
64.0,106.0,35.8,69.0,99.0,11.0
65.0,107.0,35.8,69.0,99.0,12.0
64.0,106.0,35.8,70.0,99.0,11.0
63.0,106.0,35.8,69.0,99.0,11.0
62.0,106.0,35.8,67.0,99.0,11.0
61.0,103.0,35.8,67.0,99.0,12.0
65.0,107.0,35.8,67.0,99.0,12.0
66.0,108.0,35.8,70.0,99.0,12.0
66.0,108.0,35.8,71.0,99.0,12.0
67.0,110.0,35.8,70.0,99.0,12.0
62.0,108.0,35.8,69.0,99.0,12.0
63.0,106.0,35.8,67.0,99.0,12.0
63.0,106.0,35.8,67.0,99.0,12.0
64.0,105.0,35.8,67.0,99.0,12.0
64.0,107.0,35.8,68.0,99.0,12.0
63.0,105.0,35.8,69.0,99.0,11.0
63.0,105.0,35.8,68.0,99.0,11.0
62.0,104.0,35.8,68.0,99.0,11.0
62.0,103.0,35.8,68.0,99.0,11.0
62.0,105.0,35.8,68.0,99.0,11.0
61.0,102.0,35.8,68.0,99.0,11.0
60.0,105.0,35.8,66.0,99.0,11.0
59.0,102.0,35.8,65.0,99.0,11.0
60.0,102.0,35.8,64.0,99.0,12.0
61.0,104.0,35.8,64.0,99.0,12.0
62.0,104.0,35.8,65.0,99.0,12.0
63.0,106.0,35.8,66.0,99.0,12.0
62.0,105.0,35.8,68.0,99.0,12.0
62.0,104.0,35.8,68.0,99.0,11.0
63.0,106.0,35.8,68.0,99.0,11.0
62.0,104.0,35.8,68.0,99.0,11.0
62.0,104.0,35.8,67.0,99.0,11.0
61.0,104.0,35.8,67.0,99.0,11.0
60.0,102.0,35.8,67.0,99.0,11.0
62.0,104.0,35.8,67.0,99.0,11.0
62.0,103.0,35.8,68.0,99.0,12.0
63.0,104.0,35.8,68.0,99.0,12.0
62.0,106.0,35.8,67.0,99.0,12.0
62.0,105.0,35.8,67.0,99.0,11.0
63.0,107.0,35.8,67.0,99.0,11.0
63.0,105.0,35.8,68.0,99.0,12.0
64.0,107.0,35.8,68.0,99.0,12.0
63.0,107.0,35.8,68.0,99.0,12.0
63.0,105.0,35.8,68.0,99.0,11.0
63.0,106.0,35.8,68.0,99.0,11.0
62.0,104.0,35.8,69.0,99.0,11.0
63.0,105.0,35.8,68.0,99.0,11.0
63.0,105.0,35.8,67.0,99.0,13.0
60.0,103.0,35.8,66.0,99.0,14.0
62.0,105.0,35.8,66.0,99.0,14.0
62.0,105.0,35.8,66.0,99.0,16.0
63.0,106.0,35.8,67.0,99.0,16.0
63.0,106.0,35.8,67.0,99.0,16.0
62.0,105.0,35.8,67.0,99.0,15.0
62.0,106.0,35.8,67.0,99.0,15.0
61.0,103.0,35.8,67.0,99.0,13.0
62.0,103.0,35.8,67.0,99.0,13.0
61.0,104.0,35.8,67.0,99.0,13.0
61.0,103.0,35.8,67.0,99.0,12.0
62.0,105.0,35.8,67.0,99.0,12.0
61.0,103.0,35.8,67.0,99.0,12.0
61.0,104.0,35.8,66.0,99.0,12.0
61.0,104.0,35.8,66.0,99.0,12.0
61.0,104.0,35.8,65.0,99.0,12.0
63.0,107.0,35.8,66.0,99.0,12.0
62.0,105.0,35.8,66.0,99.0,12.0
62.0,105.0,35.8,66.0,99.0,12.0
60.0,104.0,35.8,66.0,99.0,12.0
61.0,102.0,35.8,66.0,99.0,12.0
60.0,104.0,35.8,65.0,99.0,12.0
59.0,102.0,35.8,64.0,99.0,12.0
60.0,103.0,35.8,63.0,99.0,12.0
60.0,105.0,35.8,62.0,99.0,12.0
60.0,103.0,35.8,62.0,99.0,11.0
61.0,105.0,35.8,63.0,99.0,11.0
60.0,104.0,35.8,64.0,99.0,11.0
61.0,104.0,35.8,64.0,99.0,11.0
61.0,104.0,35.8,65.0,99.0,11.0
60.0,102.0,35.8,65.0,99.0,11.0
61.0,104.0,35.8,66.0,99.0,11.0
60.0,102.0,35.8,66.0,99.0,11.0
61.0,103.0,35.8,67.0,99.0,11.0
61.0,104.0,35.8,67.0,99.0,11.0
61.0,103.0,35.8,67.0,99.0,12.0
61.0,104.0,35.8,67.0,99.0,12.0
60.0,102.0,35.8,67.0,99.0,11.0
61.0,102.0,35.8,66.0,99.0,11.0
60.0,102.0,35.8,66.0,99.0,11.0
60.0,102.0,35.8,66.0,99.0,12.0
60.0,103.0,35.8,65.0,99.0,12.0
58.0,102.0,35.8,64.0,99.0,12.0
59.0,103.0,35.8,62.0,99.0,12.0
59.0,103.0,35.8,61.0,99.0,12.0
60.0,103.0,35.8,62.0,99.0,12.0
61.0,106.0,35.8,63.0,99.0,12.0
61.0,104.0,35.8,65.0,99.0,12.0
62.0,105.0,35.8,65.0,99.0,12.0
61.0,105.0,35.8,66.0,99.0,12.0
60.0,102.0,35.8,66.0,99.0,12.0
60.0,103.0,35.8,66.0,99.0,12.0
60.0,102.0,35.8,66.0,99.0,12.0
61.0,103.0,35.8,66.0,99.0,11.0
61.0,104.0,35.8,66.0,99.0,11.0
60.0,104.0,35.8,65.0,100.0,11.0
61.0,106.0,35.8,64.0,99.0,13.0
60.0,104.0,35.8,64.0,99.0,24.0
62.0,105.0,35.8,65.0,99.0,33.0
62.0,105.0,35.8,66.0,99.0,70.0
62.0,104.0,35.8,67.0,99.0,68.0
63.0,107.0,35.8,67.0,100.0,43.0
62.0,105.0,35.8,68.0,100.0,33.0
64.0,106.0,35.8,68.0,100.0,25.0
63.0,107.0,35.8,68.0,100.0,24.0
63.0,106.0,35.8,68.0,100.0,32.0
63.0,108.0,35.8,68.0,100.0,29.0
62.0,106.0,35.8,68.0,100.0,35.0
62.0,107.0,35.8,67.0,99.0,27.0
61.0,105.0,35.8,67.0,100.0,24.0
61.0,103.0,35.8,67.0,100.0,23.0
61.0,105.0,35.8,67.0,100.0,23.0
60.0,103.0,35.8,67.0,100.0,23.0
62.0,105.0,35.8,67.0,100.0,22.0
61.0,105.0,35.8,68.0,100.0,25.0
61.0,103.0,35.8,67.0,100.0,33.0
61.0,106.0,35.8,67.0,100.0,48.0
60.0,103.0,35.8,67.0,100.0,41.0
62.0,105.0,35.8,67.0,100.0,30.0
61.0,106.0,35.8,67.0,100.0,27.0
60.0,104.0,35.8,65.0,100.0,33.0
61.0,105.0,35.8,65.0,100.0,25.0
62.0,105.0,35.8,65.0,100.0,22.0
62.0,107.0,35.8,65.0,100.0,20.0
62.0,107.0,35.8,65.0,100.0,17.0
62.0,106.0,35.8,66.0,100.0,17.0
63.0,109.0,35.8,66.0,100.0,24.0
62.0,107.0,35.8,68.0,100.0,42.0
63.0,107.0,35.8,67.0,100.0,81.0
63.0,107.0,35.8,67.0,100.0,77.0
62.0,105.0,35.8,67.0,100.0,61.0
62.0,107.0,35.8,66.0,100.0,40.0
61.0,105.0,35.8,67.0,100.0,33.0
63.0,105.0,35.8,76.0,100.0,29.0
62.0,106.0,35.8,77.0,100.0,60.0
62.0,104.0,35.8,71.0,100.0,79.0
62.0,107.0,35.8,66.0,100.0,38.0
61.0,105.0,35.8,66.0,100.0,32.0
62.0,106.0,35.8,66.0,100.0,28.0
61.0,105.0,35.8,66.0,100.0,24.0
61.0,104.0,35.8,66.0,100.0,22.0
62.0,106.0,35.8,66.0,100.0,20.0
61.0,104.0,35.8,66.0,100.0,18.0
62.0,105.0,35.8,66.0,100.0,18.0
61.0,105.0,35.8,66.0,100.0,19.0
61.0,103.0,35.8,66.0,100.0,20.0
62.0,105.0,35.8,66.0,100.0,18.0
61.0,103.0,35.8,66.0,100.0,17.0
62.0,104.0,35.8,66.0,100.0,17.0
61.0,104.0,35.8,66.0,100.0,16.0
61.0,103.0,35.8,66.0,100.0,16.0
62.0,106.0,35.8,66.0,100.0,13.0
61.0,104.0,35.8,66.0,100.0,13.0
63.0,106.0,35.8,66.0,100.0,13.0
62.0,105.0,35.8,66.0,100.0,12.0
61.0,103.0,35.8,66.0,100.0,12.0
62.0,105.0,35.8,66.0,100.0,12.0
62.0,103.0,35.8,66.0,100.0,12.0
63.0,105.0,35.8,66.0,100.0,12.0
63.0,105.0,35.8,67.0,100.0,11.0
62.0,103.0,35.8,66.0,100.0,11.0
62.0,105.0,35.8,66.0,100.0,11.0
61.0,103.0,35.8,66.0,100.0,12.0
62.0,104.0,35.8,66.0,100.0,12.0
61.0,104.0,35.8,66.0,100.0,12.0
60.0,102.0,35.8,64.0,100.0,14.0
60.0,103.0,35.8,64.0,100.0,14.0
60.0,105.0,35.8,62.0,100.0,15.0
61.0,105.0,35.8,61.0,100.0,15.0
61.0,106.0,35.8,62.0,100.0,15.0
62.0,106.0,35.8,62.0,100.0,15.0
63.0,108.0,35.8,63.0,100.0,15.0
62.0,107.0,35.8,64.0,100.0,15.0
63.0,108.0,35.8,63.0,100.0,18.0
64.0,109.0,35.8,63.0,100.0,45.0
64.0,108.0,35.8,64.0,100.0,87.0
65.0,111.0,35.8,64.0,100.0,80.0
65.0,110.0,35.8,65.0,100.0,71.0
67.0,111.0,35.8,65.0,100.0,58.0
66.0,112.0,35.8,66.0,100.0,47.0
65.0,110.0,35.8,66.0,100.0,34.0
66.0,112.0,35.8,65.0,100.0,40.0
65.0,111.0,35.8,66.0,100.0,43.0
66.0,112.0,35.8,65.0,100.0,41.0
66.0,112.0,35.8,65.0,100.0,66.0
66.0,112.0,35.8,65.0,100.0,70.0
67.0,115.0,35.8,65.0,100.0,53.0
66.0,113.0,35.8,66.0,100.0,38.0
67.0,114.0,35.8,65.0,100.0,39.0
66.0,113.0,35.8,65.0,100.0,32.0
66.0,111.0,35.8,65.0,100.0,32.0
68.0,115.0,35.8,64.0,100.0,25.0
67.0,114.0,35.8,65.0,100.0,21.0
69.0,115.0,35.8,65.0,100.0,18.0
68.0,115.0,35.8,65.0,100.0,18.0
67.0,113.0,35.8,66.0,100.0,18.0
68.0,115.0,35.8,66.0,100.0,14.0
67.0,113.0,35.8,66.0,100.0,13.0
69.0,114.0,35.8,66.0,100.0,13.0
68.0,115.0,35.8,66.0,100.0,12.0
67.0,113.0,35.8,65.0,100.0,12.0
66.0,115.0,35.8,64.0,100.0,12.0
65.0,111.0,35.8,64.0,100.0,11.0
68.0,113.0,35.8,64.0,100.0,11.0
67.0,114.0,35.8,65.0,100.0,11.0
67.0,112.0,35.8,65.0,100.0,11.0
68.0,115.0,35.8,65.0,100.0,11.0
67.0,113.0,35.8,65.0,100.0,11.0
68.0,114.0,35.8,65.0,100.0,11.0
67.0,114.0,35.8,65.0,100.0,12.0
66.0,112.0,35.8,64.0,100.0,12.0
67.0,114.0,35.8,64.0,100.0,12.0
66.0,112.0,35.8,64.0,100.0,11.0
66.0,111.0,35.8,64.0,100.0,11.0
67.0,113.0,35.8,65.0,100.0,11.0
68.0,112.0,35.8,66.0,100.0,11.0
68.0,115.0,35.8,66.0,100.0,11.0
67.0,113.0,35.8,66.0,100.0,11.0
68.0,114.0,35.8,66.0,100.0,11.0
67.0,113.0,35.8,65.0,100.0,11.0
67.0,112.0,35.8,65.0,100.0,11.0
67.0,114.0,35.8,65.0,100.0,11.0
66.0,111.0,35.8,65.0,100.0,12.0
67.0,111.0,35.8,64.0,100.0,12.0
66.0,111.0,35.8,65.0,100.0,12.0
66.0,111.0,35.8,64.0,100.0,11.0
67.0,113.0,35.8,64.0,100.0,11.0
66.0,110.0,35.8,64.0,100.0,12.0
68.0,112.0,35.8,63.0,100.0,12.0
67.0,112.0,35.8,63.0,100.0,12.0
66.0,110.0,35.8,63.0,100.0,12.0
68.0,113.0,35.8,63.0,100.0,12.0
67.0,111.0,35.8,64.0,100.0,12.0
68.0,113.0,35.8,64.0,100.0,12.0
67.0,112.0,35.8,64.0,100.0,12.0
68.0,111.0,35.8,64.0,100.0,12.0
68.0,114.0,35.8,64.0,100.0,12.0
66.0,112.0,35.8,63.0,100.0,12.0
67.0,110.0,35.8,63.0,100.0,12.0
66.0,111.0,35.8,62.0,100.0,11.0
65.0,108.0,35.8,62.0,100.0,11.0
66.0,111.0,35.8,61.0,100.0,11.0
65.0,110.0,35.8,61.0,100.0,12.0
67.0,112.0,35.8,61.0,100.0,12.0
67.0,113.0,35.8,61.0,100.0,12.0
69.0,113.0,35.8,63.0,100.0,15.0
71.0,117.0,35.8,64.0,100.0,15.0
71.0,118.0,35.8,64.0,100.0,15.0
73.0,121.0,35.8,64.0,100.0,15.0
72.0,123.0,35.8,65.0,100.0,15.0
72.0,121.0,35.8,65.0,100.0,15.0
72.0,123.0,35.8,65.0,100.0,15.0
70.0,119.0,35.8,64.0,100.0,14.0
71.0,119.0,35.8,63.0,100.0,14.0
70.0,119.0,35.8,63.0,100.0,12.0
70.0,117.0,35.8,62.0,100.0,12.0
71.0,119.0,35.8,62.0,100.0,12.0
70.0,119.0,35.8,62.0,100.0,12.0
72.0,120.0,35.8,63.0,100.0,12.0
73.0,120.0,35.8,65.0,100.0,12.0
73.0,120.0,35.8,65.0,100.0,11.0
73.0,123.0,35.8,65.0,100.0,11.0
72.0,121.0,35.8,64.0,100.0,11.0
73.0,120.0,35.8,64.0,100.0,11.0
74.0,122.0,35.8,64.0,100.0,12.0
74.0,122.0,35.8,65.0,100.0,12.0
75.0,125.0,35.8,65.0,100.0,12.0
75.0,123.0,35.8,65.0,100.0,11.0
76.0,124.0,35.8,65.0,100.0,11.0
76.0,126.0,35.8,65.0,100.0,12.0
76.0,124.0,35.8,65.0,100.0,12.0
75.0,126.0,35.8,64.0,100.0,12.0
74.0,123.0,35.8,64.0,100.0,12.0
77.0,124.0,35.8,64.0,100.0,12.0
78.0,128.0,35.8,65.0,100.0,12.0
79.0,128.0,35.8,66.0,100.0,11.0
79.0,131.0,35.8,67.0,100.0,11.0
78.0,127.0,35.8,67.0,100.0,11.0
78.0,127.0,35.8,67.0,100.0,11.0
77.0,128.0,35.8,67.0,100.0,12.0
77.0,125.0,35.8,66.0,100.0,12.0
76.0,127.0,35.8,65.0,100.0,11.0
75.0,125.0,35.8,65.0,100.0,11.0
77.0,125.0,35.8,65.0,100.0,11.0
78.0,128.0,35.8,65.0,100.0,12.0
79.0,129.0,35.8,66.0,100.0,12.0
80.0,133.0,35.8,67.0,100.0,12.0
81.0,132.0,35.8,68.0,100.0,12.0
88.0,138.0,35.8,72.0,100.0,12.0
89.0,143.0,35.8,74.0,100.0,11.0
89.0,143.0,35.8,75.0,100.0,11.0
89.0,144.0,35.8,75.0,100.0,11.0
88.0,141.0,35.8,75.0,100.0,11.0
87.0,143.0,35.8,75.0,100.0,11.0
83.0,139.0,35.8,73.0,100.0,12.0
82.0,133.0,35.8,70.0,100.0,12.0
83.0,134.0,35.8,69.0,100.0,13.0
83.0,131.0,35.8,73.0,100.0,17.0
83.0,135.0,35.8,73.0,100.0,73.0
82.0,133.0,35.8,74.0,100.0,58.0
82.0,130.0,35.8,74.0,100.0,46.0
83.0,132.0,35.8,75.0,100.0,33.0
80.0,128.0,35.8,77.0,100.0,30.0
82.0,129.0,35.8,77.0,100.0,22.0
80.0,128.0,35.8,78.0,100.0,20.0
80.0,127.0,35.8,78.0,100.0,19.0
81.0,130.0,35.8,78.0,100.0,17.0
79.0,126.0,35.8,79.0,100.0,14.0
81.0,129.0,35.8,79.0,100.0,14.0
80.0,127.0,35.8,80.0,100.0,12.0
80.0,125.0,35.8,81.0,100.0,12.0
80.0,129.0,35.8,81.0,100.0,12.0
79.0,125.0,35.8,81.0,100.0,11.0
78.0,127.0,35.8,78.0,100.0,11.0
75.0,122.0,35.8,75.0,100.0,11.0
75.0,120.0,35.8,73.0,99.0,11.0
77.0,123.0,35.8,75.0,99.0,11.0
78.0,122.0,35.8,78.0,99.0,11.0
81.0,129.0,35.8,80.0,99.0,12.0
81.0,128.0,35.8,80.0,99.0,12.0
80.0,126.0,35.8,80.0,99.0,14.0
81.0,131.0,35.8,81.0,99.0,14.0
81.0,127.0,35.8,81.0,99.0,15.0
83.0,130.0,35.8,82.0,99.0,15.0
82.0,131.0,35.8,83.0,99.0,16.0
80.0,128.0,35.8,81.0,99.0,16.0
79.0,127.0,35.8,80.0,99.0,16.0
77.0,123.0,35.8,80.0,99.0,15.0
78.0,125.0,35.8,78.0,99.0,15.0
76.0,124.0,35.8,77.0,99.0,12.0
76.0,120.0,35.8,76.0,99.0,12.0
78.0,123.0,35.8,76.0,99.0,12.0
79.0,122.0,35.8,79.0,99.0,11.0
82.0,127.0,35.8,81.0,99.0,11.0
81.0,126.0,35.8,82.0,99.0,11.0
82.0,127.0,35.8,83.0,99.0,11.0
83.0,130.0,35.8,83.0,99.0,11.0
81.0,126.0,35.8,84.0,99.0,11.0
84.0,130.0,35.8,85.0,99.0,11.0
84.0,130.0,35.8,87.0,99.0,11.0
84.0,131.0,35.8,88.0,99.0,11.0
85.0,135.0,35.8,88.0,99.0,11.0
82.0,129.0,35.8,87.0,99.0,11.0
84.0,133.0,35.8,87.0,99.0,11.0
82.0,130.0,35.8,88.0,99.0,11.0
83.0,131.0,35.8,88.0,99.0,12.0
82.0,135.0,35.8,84.0,99.0,12.0
79.0,127.0,35.8,83.0,99.0,12.0
83.0,130.0,35.8,83.0,99.0,12.0
81.0,130.0,35.8,86.0,99.0,11.0
82.0,130.0,35.8,86.0,99.0,11.0
81.0,133.0,35.8,84.0,99.0,11.0
79.0,128.0,35.8,83.0,99.0,12.0
82.0,130.0,35.8,84.0,99.0,12.0
82.0,129.0,35.8,88.0,99.0,12.0
82.0,130.0,35.8,88.0,99.0,12.0
81.0,133.0,35.8,86.0,99.0,12.0
78.0,127.0,35.8,84.0,99.0,12.0
78.0,128.0,35.8,80.0,99.0,15.0
77.0,124.0,35.8,81.0,99.0,16.0
80.0,124.0,35.8,85.0,99.0,16.0
84.0,133.0,35.8,91.0,99.0,16.0
81.0,130.0,35.8,89.0,99.0,15.0
82.0,132.0,35.8,87.0,99.0,15.0
79.0,127.0,35.8,86.0,99.0,16.0
80.0,126.0,35.8,86.0,99.0,15.0
78.0,128.0,35.8,85.0,99.0,15.0
75.0,122.0,35.8,81.0,99.0,12.0
75.0,123.0,35.8,78.0,99.0,12.0
74.0,120.0,35.8,78.0,99.0,12.0
74.0,118.0,35.8,80.0,99.0,12.0
78.0,123.0,35.8,83.0,99.0,12.0
79.0,122.0,35.8,87.0,99.0,12.0
84.0,131.0,35.8,89.0,99.0,12.0
84.0,131.0,35.8,91.0,99.0,12.0
84.0,133.0,35.8,91.0,99.0,11.0
84.0,135.0,35.8,90.0,99.0,11.0
81.0,130.0,35.8,89.0,99.0,11.0
83.0,133.0,35.8,89.0,99.0,11.0
81.0,131.0,35.8,90.0,99.0,11.0
83.0,133.0,35.8,92.0,99.0,11.0
84.0,139.0,35.8,93.0,99.0,11.0
83.0,135.0,35.8,93.0,99.0,11.0
84.0,139.0,35.8,93.0,99.0,11.0
82.0,134.0,35.8,92.0,99.0,11.0
81.0,134.0,35.8,90.0,99.0,12.0
79.0,133.0,35.8,90.0,99.0,12.0
78.0,128.0,35.8,91.0,99.0,12.0
82.0,134.0,35.8,95.0,99.0,12.0
80.0,132.0,35.8,96.0,99.0,12.0
82.0,134.0,35.8,97.0,99.0,11.0
81.0,136.0,35.8,96.0,99.0,11.0
79.0,132.0,35.8,95.0,99.0,12.0
81.0,135.0,35.8,94.0,99.0,12.0
79.0,132.0,35.8,95.0,99.0,12.0
81.0,133.0,35.8,96.0,99.0,11.0
80.0,135.0,35.8,94.0,99.0,11.0
79.0,132.0,35.8,93.0,99.0,11.0
82.0,136.0,35.8,94.0,99.0,11.0
80.0,133.0,35.8,95.0,99.0,11.0
79.0,133.0,35.8,94.0,99.0,11.0
80.0,134.0,35.8,94.0,99.0,11.0
78.0,129.0,35.8,96.0,99.0,11.0
81.0,134.0,35.8,98.0,99.0,11.0
79.0,132.0,35.8,98.0,99.0,11.0
80.0,133.0,35.8,97.0,99.0,12.0
79.0,133.0,35.8,97.0,99.0,12.0
79.0,130.0,35.8,97.0,99.0,11.0
82.0,136.0,35.8,99.0,99.0,13.0
80.0,133.0,35.8,100.0,99.0,13.0
81.0,134.0,35.8,101.0,99.0,13.0
81.0,138.0,35.8,100.0,99.0,13.0
77.0,131.0,35.8,96.0,99.0,11.0
78.0,132.0,35.8,94.0,99.0,11.0
75.0,127.0,35.8,96.0,99.0,11.0
77.0,129.0,35.8,98.0,99.0,11.0
78.0,132.0,35.8,99.0,99.0,11.0
77.0,130.0,35.8,99.0,99.0,12.0
80.0,134.0,35.8,99.0,99.0,12.0
76.0,129.0,35.8,98.0,99.0,12.0
77.0,130.0,35.8,98.0,99.0,10.0
77.0,132.0,35.8,98.0,99.0,10.0
76.0,127.0,35.8,98.0,99.0,12.0
79.0,133.0,35.8,99.0,99.0,12.0
76.0,129.0,35.8,100.0,99.0,12.0
78.0,131.0,35.8,100.0,99.0,12.0
78.0,133.0,35.8,101.0,99.0,12.0
76.0,129.0,35.8,101.0,99.0,12.0
78.0,133.0,35.8,101.0,99.0,12.0
76.0,129.0,35.8,101.0,99.0,12.0
76.0,129.0,35.8,101.0,99.0,12.0
76.0,130.0,35.8,100.0,99.0,12.0
74.0,126.0,35.8,100.0,99.0,11.0
77.0,130.0,35.8,100.0,99.0,11.0
75.0,128.0,35.8,101.0,99.0,12.0
76.0,129.0,35.8,101.0,99.0,14.0
75.0,130.0,35.8,100.0,99.0,14.0
73.0,125.0,35.8,97.0,99.0,14.0
74.0,128.0,35.8,96.0,99.0,16.0
73.0,124.0,35.8,97.0,99.0,17.0
75.0,127.0,35.8,100.0,99.0,16.0
75.0,129.0,35.8,100.0,99.0,16.0
74.0,126.0,35.8,101.0,99.0,15.0
76.0,131.0,35.8,101.0,99.0,15.0
74.0,125.0,35.8,100.0,99.0,15.0
74.0,125.0,35.8,101.0,99.0,12.0
75.0,128.0,35.8,101.0,99.0,12.0
73.0,125.0,35.8,101.0,99.0,11.0
75.0,129.0,35.8,101.0,99.0,11.0
73.0,124.0,35.8,101.0,99.0,11.0
75.0,126.0,35.8,101.0,99.0,11.0
74.0,127.0,35.8,101.0,99.0,11.0
73.0,124.0,35.8,101.0,99.0,12.0
75.0,128.0,35.8,101.0,99.0,12.0
73.0,124.0,35.8,101.0,99.0,11.0
74.0,126.0,35.8,101.0,99.0,11.0
73.0,126.0,35.8,100.0,99.0,11.0
71.0,122.0,35.8,100.0,99.0,12.0
73.0,125.0,35.8,100.0,99.0,12.0
71.0,122.0,35.8,100.0,99.0,12.0
72.0,123.0,35.8,100.0,99.0,12.0
72.0,125.0,35.8,100.0,99.0,12.0
70.0,120.0,35.8,99.0,99.0,12.0
72.0,124.0,35.8,99.0,99.0,11.0
70.0,121.0,35.8,99.0,99.0,11.0
71.0,122.0,35.8,98.0,99.0,11.0
71.0,123.0,35.8,98.0,99.0,11.0
70.0,120.0,35.8,98.0,99.0,12.0
70.0,122.0,35.8,95.0,99.0,12.0
68.0,119.0,35.8,93.0,99.0,11.0
69.0,118.0,35.8,94.0,99.0,11.0
70.0,120.0,35.8,96.0,99.0,11.0
69.0,118.0,35.8,97.0,99.0,12.0
72.0,121.0,35.8,97.0,99.0,12.0
69.0,119.0,35.8,97.0,99.0,12.0
70.0,119.0,35.8,96.0,99.0,12.0
70.0,120.0,35.8,96.0,99.0,12.0
68.0,117.0,35.8,96.0,99.0,11.0
71.0,121.0,35.8,96.0,99.0,11.0
69.0,118.0,35.8,97.0,99.0,11.0
70.0,119.0,35.8,97.0,99.0,11.0
71.0,121.0,35.8,97.0,99.0,11.0
69.0,118.0,35.8,97.0,99.0,12.0
71.0,121.0,35.8,97.0,99.0,12.0
69.0,119.0,35.8,96.0,99.0,12.0
69.0,118.0,35.8,94.0,99.0,11.0
65.0,119.0,35.8,88.0,99.0,11.0
61.0,112.0,35.8,84.0,99.0,12.0
64.0,112.0,35.8,83.0,99.0,12.0
66.0,113.0,35.8,90.0,99.0,12.0
70.0,117.0,35.8,96.0,99.0,12.0
71.0,121.0,35.8,98.0,99.0,12.0
70.0,119.0,35.8,98.0,99.0,12.0
71.0,122.0,35.8,98.0,99.0,11.0
69.0,118.0,35.8,98.0,99.0,11.0
68.0,117.0,35.8,97.0,99.0,11.0
68.0,118.0,35.8,97.0,99.0,11.0
66.0,114.0,35.8,96.0,99.0,11.0
68.0,117.0,35.8,96.0,99.0,11.0
66.0,115.0,35.8,96.0,99.0,11.0
67.0,115.0,35.8,96.0,99.0,11.0
67.0,117.0,35.8,96.0,99.0,11.0
65.0,114.0,35.8,96.0,99.0,11.0
67.0,116.0,35.8,96.0,99.0,12.0
65.0,114.0,35.8,96.0,99.0,12.0
66.0,114.0,35.8,96.0,99.0,12.0
64.0,116.0,35.8,94.0,99.0,13.0
62.0,113.0,35.8,90.0,99.0,13.0
64.0,113.0,35.8,87.0,99.0,13.0
64.0,113.0,35.8,89.0,99.0,12.0
66.0,114.0,35.8,92.0,99.0,12.0
66.0,116.0,35.8,94.0,99.0,12.0
65.0,114.0,35.8,94.0,99.0,12.0
66.0,116.0,35.8,94.0,99.0,12.0
64.0,113.0,35.8,94.0,99.0,12.0
65.0,114.0,35.8,94.0,99.0,11.0
65.0,115.0,35.8,94.0,99.0,11.0
64.0,113.0,35.8,94.0,99.0,11.0
66.0,116.0,35.8,94.0,99.0,11.0
65.0,114.0,35.8,94.0,99.0,11.0
66.0,114.0,35.8,94.0,99.0,11.0
67.0,117.0,35.8,94.0,99.0,11.0
65.0,114.0,35.8,94.0,99.0,11.0
67.0,117.0,35.8,94.0,99.0,12.0
66.0,114.0,35.8,94.0,99.0,12.0
67.0,115.0,35.8,94.0,99.0,11.0
67.0,117.0,35.8,94.0,99.0,11.0
65.0,113.0,35.8,94.0,99.0,12.0
67.0,116.0,35.8,94.0,99.0,12.0
65.0,114.0,35.8,94.0,99.0,12.0
67.0,116.0,35.8,94.0,99.0,12.0
65.0,114.0,35.8,93.0,99.0,12.0
66.0,113.0,35.8,93.0,99.0,12.0
66.0,116.0,35.8,94.0,99.0,12.0
65.0,113.0,35.8,94.0,99.0,12.0
66.0,116.0,35.8,94.0,99.0,12.0
65.0,114.0,35.8,94.0,99.0,12.0
67.0,116.0,35.8,93.0,99.0,12.0
65.0,113.0,35.8,94.0,99.0,12.0
65.0,113.0,35.8,93.0,99.0,12.0
65.0,114.0,35.8,93.0,99.0,12.0
64.0,112.0,35.8,93.0,99.0,12.0
66.0,116.0,35.8,93.0,99.0,13.0
64.0,113.0,35.8,93.0,99.0,13.0
67.0,115.0,35.8,93.0,99.0,13.0
65.0,114.0,35.8,93.0,99.0,13.0
65.0,113.0,35.8,92.0,99.0,16.0
64.0,113.0,35.8,92.0,99.0,16.0
65.0,112.0,35.8,92.0,99.0,17.0
62.0,113.0,35.8,90.0,99.0,17.0
61.0,107.0,35.8,90.0,99.0,16.0
66.0,116.0,35.8,90.0,99.0,16.0
66.0,117.0,35.8,92.0,99.0,16.0
69.0,120.0,35.8,92.0,99.0,17.0
67.0,119.0,35.8,93.0,99.0,17.0
66.0,116.0,35.8,93.0,99.0,13.0
67.0,118.0,35.8,93.0,99.0,13.0
65.0,114.0,35.8,93.0,99.0,13.0
67.0,117.0,35.8,92.0,99.0,13.0
65.0,114.0,35.8,92.0,99.0,13.0
67.0,116.0,35.8,92.0,99.0,13.0
65.0,114.0,35.8,92.0,99.0,13.0
66.0,114.0,35.8,92.0,99.0,12.0
67.0,117.0,35.8,93.0,99.0,12.0
66.0,114.0,35.8,93.0,99.0,12.0
67.0,118.0,35.8,93.0,99.0,13.0
66.0,115.0,35.8,94.0,99.0,12.0
68.0,116.0,35.8,94.0,99.0,12.0
66.0,115.0,35.8,94.0,99.0,12.0
67.0,116.0,35.8,94.0,99.0,12.0
67.0,117.0,35.8,94.0,99.0,12.0
66.0,114.0,35.8,93.0,99.0,12.0
67.0,118.0,35.8,93.0,99.0,12.0
65.0,113.0,35.8,93.0,99.0,12.0
67.0,115.0,35.8,93.0,99.0,12.0
65.0,114.0,35.8,93.0,99.0,12.0
67.0,114.0,35.8,93.0,99.0,13.0
65.0,114.0,35.8,93.0,99.0,13.0
66.0,114.0,35.8,93.0,99.0,13.0
67.0,118.0,35.8,93.0,99.0,13.0
65.0,115.0,35.8,93.0,99.0,13.0
68.0,117.0,35.8,93.0,99.0,13.0
66.0,115.0,35.8,94.0,99.0,13.0
69.0,117.0,35.8,95.0,99.0,13.0
66.0,116.0,35.8,95.0,99.0,13.0
67.0,115.0,35.8,94.0,99.0,13.0
65.0,116.0,35.8,93.0,99.0,13.0
63.0,112.0,35.8,93.0,99.0,12.0
66.0,116.0,35.8,94.0,99.0,12.0
65.0,117.0,35.8,90.0,99.0,12.0
62.0,116.0,35.8,85.0,99.0,13.0
61.0,115.0,35.8,81.0,99.0,13.0
65.0,116.0,35.8,83.0,99.0,13.0
65.0,119.0,35.8,88.0,99.0,14.0
65.0,116.0,35.8,88.0,99.0,14.0
65.0,118.0,35.8,87.0,99.0,17.0
65.0,117.0,35.8,88.0,99.0,20.0
69.0,122.0,35.8,90.0,99.0,19.0
68.0,121.0,35.8,91.0,99.0,18.0
65.0,117.0,35.8,90.0,100.0,17.0
66.0,117.0,35.8,89.0,100.0,16.0
65.0,120.0,35.8,87.0,100.0,17.0
70.0,124.0,35.8,87.0,100.0,17.0
72.0,129.0,35.8,88.0,99.0,16.0
74.0,129.0,35.8,89.0,99.0,34.0
72.0,128.0,35.8,88.0,99.0,70.0
69.0,124.0,35.8,87.0,99.0,74.0
67.0,123.0,35.8,86.0,99.0,46.0
68.0,123.0,35.8,87.0,99.0,46.0
69.0,126.0,35.8,89.0,99.0,74.0
69.0,125.0,35.8,90.0,99.0,66.0
71.0,126.0,35.8,91.0,99.0,63.0
70.0,125.0,35.8,91.0,99.0,57.0
69.0,125.0,35.8,89.0,100.0,53.0
67.0,122.0,35.8,88.0,100.0,36.0
68.0,121.0,35.8,89.0,100.0,36.0
70.0,124.0,35.8,93.0,100.0,28.0
70.0,123.0,35.8,95.0,99.0,22.0
71.0,126.0,35.8,95.0,99.0,21.0
70.0,124.0,35.8,96.0,99.0,16.0
71.0,125.0,35.8,95.0,99.0,16.0
69.0,123.0,35.8,96.0,99.0,13.0
69.0,122.0,35.8,95.0,99.0,12.0
69.0,123.0,35.8,95.0,99.0,12.0
68.0,121.0,35.8,96.0,99.0,12.0
69.0,123.0,35.8,96.0,99.0,12.0
67.0,121.0,35.8,96.0,99.0,12.0
69.0,122.0,35.8,96.0,99.0,13.0
67.0,121.0,35.8,96.0,99.0,13.0
68.0,120.0,35.8,96.0,99.0,13.0
67.0,120.0,35.8,96.0,99.0,13.0
66.0,118.0,35.8,96.0,99.0,13.0
66.0,120.0,35.8,95.0,99.0,13.0
66.0,117.0,35.8,95.0,99.0,13.0
63.0,117.0,35.8,90.0,99.0,13.0
61.0,114.0,35.8,88.0,99.0,13.0
63.0,114.0,35.8,88.0,99.0,12.0
63.0,116.0,35.8,89.0,99.0,12.0
62.0,113.0,35.8,88.0,99.0,12.0
63.0,115.0,35.8,87.0,99.0,12.0
62.0,113.0,35.8,88.0,99.0,12.0
64.0,114.0,35.8,89.0,99.0,12.0
63.0,113.0,35.8,90.0,99.0,12.0
65.0,114.0,35.8,91.0,99.0,11.0
65.0,115.0,35.8,92.0,99.0,11.0
65.0,113.0,35.8,93.0,99.0,13.0
66.0,117.0,35.8,93.0,99.0,13.0
64.0,114.0,35.8,93.0,99.0,13.0
66.0,117.0,35.8,93.0,99.0,13.0
65.0,115.0,35.8,93.0,99.0,12.0
66.0,116.0,35.8,93.0,99.0,12.0
64.0,115.0,35.8,92.0,99.0,12.0
65.0,113.0,35.8,92.0,99.0,13.0
65.0,116.0,35.8,93.0,99.0,13.0
64.0,113.0,35.8,94.0,99.0,13.0
66.0,117.0,35.8,94.0,99.0,12.0
64.0,115.0,35.8,91.0,99.0,13.0
61.0,114.0,35.8,84.0,99.0,13.0
60.0,110.0,35.8,82.0,99.0,13.0
64.0,111.0,35.8,85.0,99.0,13.0
65.0,115.0,35.8,90.0,99.0,13.0
66.0,114.0,35.8,93.0,99.0,13.0
67.0,118.0,35.8,94.0,99.0,13.0
66.0,115.0,35.8,94.0,99.0,13.0
68.0,117.0,35.8,95.0,99.0,13.0
66.0,116.0,35.8,95.0,99.0,13.0
66.0,117.0,35.8,93.0,99.0,12.0
63.0,115.0,35.8,90.0,99.0,12.0
64.0,112.0,35.8,88.0,99.0,12.0
65.0,115.0,35.8,89.0,99.0,12.0
64.0,113.0,35.8,93.0,100.0,13.0
67.0,117.0,35.8,94.0,100.0,13.0
65.0,114.0,35.8,95.0,100.0,13.0
66.0,115.0,35.8,93.0,100.0,12.0
62.0,116.0,35.8,86.0,100.0,12.0
61.0,110.0,35.8,84.0,100.0,12.0
64.0,114.0,35.8,84.0,100.0,12.0
65.0,115.0,35.8,89.0,99.0,12.0
68.0,119.0,35.8,93.0,99.0,13.0
67.0,118.0,35.8,94.0,99.0,13.0
68.0,119.0,35.8,95.0,99.0,13.0
67.0,118.0,35.8,94.0,99.0,13.0
66.0,117.0,35.8,93.0,99.0,12.0
66.0,119.0,35.8,92.0,99.0,12.0
66.0,117.0,35.8,93.0,99.0,13.0
67.0,120.0,35.8,94.0,100.0,13.0
66.0,116.0,35.8,95.0,99.0,13.0
67.0,119.0,35.8,94.0,99.0,12.0
65.0,117.0,35.8,93.0,99.0,13.0
65.0,116.0,35.8,93.0,99.0,13.0
66.0,117.0,35.8,94.0,99.0,13.0
66.0,116.0,35.8,94.0,99.0,13.0
66.0,119.0,35.8,94.0,100.0,22.0
65.0,116.0,35.8,101.0,100.0,25.0
66.0,118.0,35.8,101.0,100.0,43.0
65.0,116.0,35.8,102.0,99.0,39.0
65.0,116.0,35.8,102.0,100.0,49.0
65.0,117.0,35.8,102.0,100.0,37.0
65.0,116.0,35.8,109.0,100.0,40.0
66.0,118.0,35.8,95.0,99.0,54.0
64.0,115.0,35.8,95.0,99.0,45.0
66.0,116.0,35.8,95.0,99.0,43.0
63.0,113.0,35.8,95.0,99.0,36.0
65.0,114.0,35.8,95.0,100.0,35.0
63.0,113.0,35.8,95.0,100.0,33.0
63.0,112.0,35.8,95.0,100.0,60.0
63.0,114.0,35.8,95.0,99.0,82.0
62.0,111.0,35.8,95.0,100.0,51.0
64.0,116.0,35.8,95.0,99.0,36.0
60.0,111.0,35.8,90.0,99.0,27.0
60.0,109.0,35.8,87.0,99.0,24.0
61.0,110.0,35.8,87.0,99.0,20.0
61.0,109.0,35.8,89.0,99.0,17.0
63.0,112.0,35.8,90.0,99.0,17.0
62.0,110.0,35.8,91.0,99.0,13.0
64.0,112.0,35.8,92.0,99.0,13.0
63.0,110.0,35.8,93.0,99.0,11.0
65.0,113.0,35.8,93.0,99.0,11.0
61.0,112.0,35.8,89.0,99.0,9.0
60.0,107.0,35.8,89.0,99.0,9.0
61.0,110.0,35.8,85.0,99.0,9.0
62.0,110.0,35.8,89.0,99.0,13.0
66.0,115.0,35.8,91.0,99.0,13.0
67.0,115.0,35.8,94.0,100.0,13.0
67.0,117.0,35.8,93.0,99.0,13.0
65.0,113.0,35.8,91.0,99.0,13.0
65.0,113.0,35.8,89.0,99.0,12.0
63.0,112.0,35.8,89.0,99.0,12.0
63.0,110.0,35.8,90.0,99.0,12.0
63.0,112.0,35.8,89.0,99.0,12.0
62.0,109.0,35.8,90.0,99.0,13.0
62.0,110.0,35.8,89.0,99.0,13.0
61.0,109.0,35.8,87.0,99.0,13.0
61.0,107.0,35.8,86.0,99.0,13.0
61.0,107.0,35.8,86.0,99.0,13.0
60.0,105.0,35.8,87.0,99.0,13.0
61.0,108.0,35.8,88.0,99.0,13.0
60.0,104.0,35.8,88.0,99.0,12.0
60.0,106.0,35.8,88.0,99.0,12.0
60.0,103.0,35.8,88.0,99.0,12.0
63.0,106.0,35.8,89.0,99.0,12.0
63.0,108.0,35.8,90.0,99.0,12.0
63.0,107.0,35.8,90.0,99.0,12.0
63.0,109.0,35.8,90.0,99.0,12.0
62.0,106.0,35.8,90.0,99.0,12.0
62.0,108.0,35.8,89.0,99.0,13.0
60.0,105.0,35.8,88.0,99.0,13.0
60.0,105.0,35.8,87.0,99.0,13.0
58.0,104.0,35.8,87.0,99.0,13.0
58.0,100.0,35.8,85.0,99.0,13.0
58.0,102.0,35.8,84.0,100.0,13.0
56.0,98.0,35.8,85.0,99.0,13.0
59.0,102.0,35.8,86.0,99.0,13.0
59.0,102.0,35.8,87.0,99.0,13.0
62.0,104.0,35.7,87.0,99.0,12.0
61.0,105.0,35.7,87.0,100.0,15.0
61.0,104.0,35.7,86.0,99.0,52.0
58.0,105.0,35.7,86.0,99.0,49.0
58.0,101.0,35.7,92.0,100.0,39.0
62.0,107.0,35.7,82.0,99.0,29.0
62.0,106.0,35.7,85.0,99.0,23.0
64.0,109.0,35.7,85.0,99.0,22.0
62.0,106.0,35.7,87.0,100.0,22.0
63.0,106.0,35.7,87.0,100.0,18.0
61.0,106.0,35.7,85.0,100.0,18.0
59.0,103.0,35.7,82.0,99.0,15.0
62.0,106.0,35.7,81.0,99.0,13.0
61.0,104.0,35.7,81.0,99.0,12.0
64.0,107.0,35.7,83.0,99.0,12.0
64.0,109.0,35.7,84.0,99.0,12.0
65.0,110.0,35.7,85.0,100.0,14.0
65.0,111.0,35.7,84.0,99.0,14.0
68.0,112.0,35.7,85.0,100.0,13.0
71.0,118.0,35.7,87.0,100.0,13.0
71.0,119.0,35.7,89.0,100.0,12.0
71.0,121.0,35.7,89.0,100.0,12.0
69.0,117.0,35.7,88.0,99.0,12.0
71.0,118.0,35.7,89.0,100.0,12.0
70.0,118.0,35.7,89.0,100.0,12.0
72.0,120.0,35.7,90.0,100.0,12.0
73.0,122.0,35.7,90.0,100.0,12.0
68.0,119.0,35.7,86.0,99.0,12.0
68.0,116.0,35.7,84.0,99.0,12.0
70.0,116.0,35.7,84.0,99.0,12.0
75.0,123.0,35.7,88.0,99.0,12.0
75.0,125.0,35.7,91.0,99.0,12.0
76.0,125.0,35.7,91.0,100.0,13.0
77.0,128.0,35.7,92.0,100.0,13.0
76.0,127.0,35.7,93.0,100.0,13.0
76.0,128.0,35.7,92.0,99.0,13.0
74.0,125.0,35.7,92.0,99.0,13.0
75.0,126.0,35.7,92.0,99.0,13.0
73.0,123.0,35.7,92.0,99.0,13.0
73.0,122.0,35.7,92.0,99.0,12.0
72.0,121.0,35.7,92.0,99.0,12.0
71.0,119.0,35.7,92.0,99.0,12.0
72.0,121.0,35.7,91.0,99.0,12.0
71.0,118.0,35.7,91.0,99.0,12.0
70.0,118.0,35.7,89.0,99.0,12.0
68.0,114.0,35.7,90.0,99.0,12.0
71.0,115.0,35.7,91.0,99.0,12.0
70.0,117.0,35.7,91.0,99.0,12.0
70.0,116.0,35.7,91.0,99.0,12.0
71.0,118.0,35.7,91.0,99.0,12.0
70.0,115.0,35.7,91.0,99.0,12.0
72.0,117.0,35.7,92.0,99.0,13.0
71.0,116.0,35.7,92.0,99.0,13.0
71.0,117.0,35.7,92.0,99.0,12.0
69.0,114.0,35.7,91.0,99.0,12.0
70.0,113.0,35.7,91.0,99.0,13.0
70.0,115.0,35.7,92.0,99.0,13.0
69.0,112.0,35.7,92.0,99.0,13.0
71.0,115.0,35.7,92.0,99.0,13.0
69.0,112.0,35.7,92.0,99.0,13.0
71.0,114.0,35.7,92.0,99.0,13.0
69.0,113.0,35.7,92.0,99.0,13.0
69.0,112.0,35.7,91.0,99.0,12.0
68.0,111.0,35.7,91.0,99.0,12.0
68.0,110.0,35.7,91.0,99.0,12.0
70.0,113.0,35.7,91.0,99.0,12.0
68.0,109.0,35.7,91.0,99.0,12.0
70.0,111.0,35.7,91.0,99.0,12.0
69.0,111.0,35.7,92.0,99.0,12.0
70.0,112.0,35.7,92.0,99.0,12.0
68.0,111.0,35.7,92.0,99.0,12.0
67.0,109.0,35.7,91.0,99.0,12.0
68.0,111.0,35.7,91.0,99.0,12.0
67.0,108.0,35.7,91.0,99.0,13.0
68.0,110.0,35.7,91.0,99.0,13.0
67.0,108.0,35.7,91.0,99.0,13.0
67.0,108.0,35.7,90.0,99.0,12.0
66.0,108.0,35.7,90.0,99.0,12.0
66.0,106.0,35.7,90.0,99.0,12.0
66.0,108.0,35.7,90.0,99.0,12.0
65.0,105.0,35.7,90.0,99.0,12.0
65.0,107.0,35.7,89.0,99.0,13.0
64.0,104.0,35.7,89.0,99.0,13.0
65.0,105.0,35.7,89.0,99.0,12.0
64.0,104.0,35.7,89.0,99.0,12.0
64.0,103.0,35.7,89.0,99.0,13.0
64.0,104.0,35.7,89.0,99.0,13.0
63.0,102.0,35.7,89.0,99.0,13.0
64.0,104.0,35.7,89.0,99.0,13.0
63.0,102.0,35.7,89.0,99.0,13.0
64.0,103.0,35.7,88.0,99.0,13.0
63.0,102.0,35.7,88.0,99.0,13.0
63.0,102.0,35.7,88.0,99.0,13.0
63.0,102.0,35.7,88.0,99.0,13.0
63.0,100.0,35.7,88.0,99.0,13.0
63.0,102.0,35.7,88.0,99.0,13.0
62.0,100.0,35.7,88.0,99.0,13.0
63.0,101.0,35.7,88.0,99.0,12.0
63.0,101.0,35.7,88.0,99.0,12.0
63.0,100.0,35.7,88.0,99.0,13.0
64.0,102.0,35.7,88.0,99.0,13.0
63.0,100.0,35.7,88.0,99.0,13.0
64.0,102.0,35.7,87.0,99.0,12.0
63.0,100.0,35.7,88.0,99.0,13.0
62.0,103.0,35.7,84.0,99.0,13.0
63.0,101.0,35.7,82.0,99.0,13.0
68.0,108.0,35.7,81.0,99.0,13.0
69.0,115.0,35.7,86.0,99.0,13.0
69.0,115.0,35.7,87.0,99.0,12.0
69.0,117.0,35.7,87.0,100.0,12.0
68.0,113.0,35.7,87.0,100.0,12.0
69.0,114.0,35.7,87.0,100.0,13.0
68.0,111.0,35.7,88.0,100.0,12.0
69.0,111.0,35.7,88.0,100.0,12.0
67.0,110.0,35.7,88.0,100.0,12.0
67.0,108.0,35.7,87.0,100.0,12.0
68.0,110.0,35.7,87.0,100.0,12.0
66.0,107.0,35.7,87.0,100.0,12.0
67.0,109.0,35.7,87.0,100.0,12.0
65.0,106.0,35.7,87.0,100.0,12.0
66.0,107.0,35.7,86.0,100.0,12.0
66.0,106.0,35.7,86.0,100.0,12.0
66.0,106.0,35.7,86.0,100.0,12.0
65.0,106.0,35.7,86.0,100.0,12.0
63.0,104.0,35.7,86.0,100.0,12.0
63.0,106.0,35.7,87.0,100.0,12.0
61.0,104.0,35.7,87.0,100.0,12.0
63.0,104.0,35.7,87.0,100.0,13.0
62.0,104.0,35.7,87.0,100.0,13.0
63.0,103.0,35.7,87.0,100.0,13.0
63.0,104.0,35.7,87.0,100.0,13.0
63.0,103.0,35.7,87.0,100.0,13.0
65.0,105.0,35.7,87.0,100.0,12.0
64.0,103.0,35.7,87.0,100.0,12.0
66.0,106.0,35.7,87.0,100.0,13.0
65.0,104.0,35.7,87.0,100.0,13.0
64.0,104.0,35.7,86.0,100.0,13.0
64.0,105.0,35.7,86.0,100.0,13.0
64.0,103.0,35.7,86.0,100.0,13.0
65.0,104.0,35.7,86.0,100.0,13.0
64.0,101.0,35.7,86.0,100.0,13.0
64.0,104.0,35.7,86.0,100.0,12.0
63.0,101.0,35.7,86.0,100.0,12.0
64.0,102.0,35.7,86.0,100.0,12.0
63.0,102.0,35.7,86.0,99.0,12.0
64.0,101.0,35.7,86.0,100.0,12.0
64.0,102.0,35.7,86.0,99.0,12.0
63.0,99.0,35.7,86.0,100.0,12.0
63.0,101.0,35.7,86.0,100.0,12.0
62.0,98.0,35.7,86.0,100.0,12.0
63.0,99.0,35.7,85.0,100.0,13.0
62.0,98.0,35.7,86.0,100.0,13.0
62.0,97.0,35.7,85.0,99.0,13.0
63.0,99.0,35.7,85.0,100.0,13.0
62.0,96.0,35.7,85.0,100.0,13.0
61.0,98.0,35.7,85.0,99.0,13.0
61.0,96.0,35.7,84.0,100.0,13.0
62.0,97.0,35.7,84.0,99.0,13.0
61.0,96.0,35.7,84.0,99.0,13.0
63.0,95.0,35.7,83.0,99.0,13.0
63.0,97.0,35.7,84.0,99.0,13.0
61.0,95.0,35.7,84.0,99.0,13.0
62.0,97.0,35.7,84.0,99.0,13.0
61.0,94.0,35.7,84.0,99.0,12.0
62.0,96.0,35.7,83.0,99.0,12.0
62.0,95.0,35.7,83.0,99.0,12.0
62.0,95.0,35.7,83.0,99.0,12.0
62.0,96.0,35.7,82.0,99.0,12.0
61.0,94.0,35.7,82.0,99.0,12.0
62.0,96.0,35.7,82.0,99.0,13.0
61.0,93.0,35.7,83.0,99.0,12.0
62.0,96.0,35.7,83.0,99.0,12.0
62.0,94.0,35.7,83.0,99.0,12.0
62.0,94.0,35.7,83.0,100.0,12.0
61.0,95.0,35.7,84.0,100.0,12.0
62.0,94.0,35.7,83.0,100.0,12.0
64.0,96.0,35.7,83.0,100.0,12.0
64.0,94.0,35.7,83.0,100.0,12.0
65.0,96.0,35.7,83.0,100.0,12.0
63.0,93.0,35.7,83.0,100.0,13.0
62.0,94.0,35.7,83.0,100.0,13.0
62.0,94.0,35.7,83.0,100.0,13.0
63.0,92.0,35.7,82.0,100.0,13.0
63.0,93.0,35.7,82.0,100.0,13.0
64.0,91.0,35.7,82.0,100.0,13.0
64.0,95.0,35.7,82.0,100.0,13.0
64.0,93.0,35.7,83.0,100.0,13.0
66.0,95.0,35.7,83.0,100.0,12.0
64.0,95.0,35.7,82.0,100.0,13.0
64.0,94.0,35.7,81.0,100.0,13.0
65.0,96.0,35.7,82.0,100.0,13.0
67.0,96.0,35.7,84.0,100.0,12.0
69.0,101.0,35.7,86.0,100.0,12.0
70.0,99.0,35.7,87.0,100.0,12.0
72.0,102.0,35.7,87.0,100.0,13.0
69.0,101.0,35.7,88.0,100.0,13.0
71.0,102.0,35.7,88.0,100.0,13.0
71.0,103.0,35.7,89.0,100.0,13.0
70.0,102.0,35.7,89.0,100.0,12.0
70.0,105.0,35.7,89.0,100.0,12.0
71.0,103.0,35.7,88.0,100.0,12.0
72.0,106.0,35.7,87.0,100.0,12.0
70.0,104.0,35.7,88.0,100.0,12.0
72.0,106.0,35.7,88.0,100.0,12.0
72.0,106.0,35.7,88.0,100.0,12.0
72.0,105.0,35.7,88.0,100.0,12.0
71.0,106.0,35.7,88.0,100.0,12.0
71.0,104.0,35.7,88.0,100.0,13.0
71.0,105.0,35.7,88.0,100.0,13.0
71.0,103.0,35.7,88.0,100.0,13.0
70.0,104.0,35.7,88.0,100.0,13.0
69.0,104.0,35.7,88.0,100.0,13.0
69.0,103.0,35.7,87.0,100.0,12.0
70.0,105.0,35.7,87.0,100.0,12.0
67.0,98.0,35.7,85.0,100.0,12.0
69.0,102.0,35.7,85.0,100.0,12.0
69.0,102.0,35.7,87.0,100.0,12.0
73.0,108.0,35.7,88.0,100.0,12.0
71.0,106.0,35.7,89.0,100.0,12.0
72.0,106.0,35.7,89.0,100.0,12.0
73.0,107.0,35.7,90.0,100.0,12.0
73.0,106.0,35.7,90.0,100.0,12.0
74.0,109.0,35.7,90.0,100.0,12.0
73.0,105.0,35.7,90.0,100.0,12.0
74.0,108.0,35.7,89.0,100.0,13.0
73.0,105.0,35.7,89.0,100.0,13.0
74.0,106.0,35.7,89.0,100.0,12.0
73.0,106.0,35.7,89.0,100.0,12.0
74.0,105.0,35.7,89.0,100.0,12.0
75.0,107.0,35.7,89.0,100.0,13.0
71.0,104.0,35.7,89.0,100.0,13.0
72.0,106.0,35.7,88.0,100.0,13.0
70.0,104.0,35.7,89.0,100.0,13.0
71.0,104.0,35.7,88.0,100.0,12.0
71.0,103.0,35.7,88.0,100.0,12.0
72.0,103.0,35.7,88.0,100.0,13.0
71.0,105.0,35.7,88.0,100.0,13.0
70.0,102.0,35.7,88.0,100.0,13.0
73.0,105.0,35.7,88.0,100.0,12.0
70.0,102.0,35.7,87.0,100.0,12.0
71.0,101.0,35.7,87.0,100.0,12.0
70.0,100.0,35.7,86.0,100.0,12.0
72.0,102.0,35.7,86.0,100.0,13.0
72.0,105.0,35.7,86.0,100.0,13.0
71.0,103.0,35.7,86.0,100.0,12.0
73.0,104.0,35.7,85.0,100.0,12.0
73.0,101.0,35.7,84.0,100.0,12.0
68.0,100.0,35.7,83.0,100.0,12.0
69.0,98.0,35.7,84.0,99.0,12.0
72.0,97.0,35.7,83.0,100.0,12.0
73.0,98.0,35.7,83.0,100.0,12.0
71.0,93.0,35.7,83.0,100.0,12.0
73.0,96.0,35.7,83.0,100.0,12.0
74.0,94.0,35.7,83.0,100.0,14.0
75.0,96.0,35.7,83.0,100.0,14.0
78.0,96.0,35.7,83.0,100.0,13.0
79.0,97.0,35.7,83.0,100.0,13.0
73.0,97.0,35.7,82.0,100.0,15.0
74.0,96.0,35.7,81.0,100.0,15.0
78.0,100.0,35.7,81.0,100.0,16.0
77.0,101.0,35.7,81.0,100.0,23.0
77.0,103.0,35.7,81.0,100.0,23.0
79.0,103.0,35.7,81.0,100.0,22.0
78.0,103.0,35.7,82.0,100.0,23.0
80.0,104.0,35.7,82.0,100.0,19.0
79.0,102.0,35.7,82.0,100.0,19.0
79.0,102.0,35.7,82.0,100.0,19.0
78.0,100.0,35.7,81.0,100.0,16.0
79.0,103.0,35.7,81.0,100.0,15.0
78.0,104.0,35.7,80.0,100.0,16.0
,,35.7,80.0,100.0,41.0
,,35.7,80.0,100.0,56.0
,,35.7,80.0,100.0,64.0
,,35.7,79.0,100.0,82.0
,,35.7,77.0,100.0,60.0
,,35.7,75.0,100.0,49.0
,,35.7,74.0,100.0,37.0
68.0,118.0,35.7,74.0,100.0,26.0
68.0,120.0,35.7,73.0,100.0,28.0
70.0,121.0,35.7,74.0,100.0,33.0
70.0,123.0,35.7,74.0,100.0,76.0
70.0,121.0,35.7,99.0,100.0,91.0
68.0,122.0,35.7,90.0,100.0,63.0
68.0,118.0,35.7,75.0,100.0,44.0
69.0,120.0,35.7,75.0,100.0,39.0
69.0,121.0,35.7,76.0,100.0,37.0
67.0,119.0,35.7,75.0,100.0,50.0
65.0,115.0,35.7,76.0,100.0,50.0
66.0,113.0,35.7,77.0,100.0,31.0
68.0,115.0,35.7,78.0,100.0,27.0
68.0,114.0,35.7,79.0,100.0,24.0
68.0,116.0,35.7,78.0,100.0,24.0
67.0,115.0,35.7,78.0,100.0,18.0
70.0,115.0,35.7,77.0,100.0,24.0
71.0,115.0,35.7,77.0,100.0,27.0
71.0,113.0,35.7,77.0,100.0,45.0
71.0,114.0,35.7,76.0,100.0,57.0
69.0,110.0,35.7,76.0,100.0,50.0
70.0,111.0,35.7,76.0,100.0,57.0
70.0,109.0,35.7,76.0,100.0,56.0
69.0,108.0,35.7,76.0,100.0,60.0
69.0,106.0,35.7,76.0,100.0,53.0
69.0,93.0,35.7,77.0,100.0,48.0
69.0,92.0,35.7,76.0,100.0,52.0
70.0,85.0,35.7,76.0,100.0,44.0
71.0,86.0,35.7,77.0,100.0,77.0
70.0,84.0,35.7,77.0,100.0,77.0
71.0,84.0,35.7,77.0,100.0,57.0
70.0,83.0,35.7,78.0,100.0,73.0
70.0,82.0,35.7,77.0,100.0,72.0
69.0,82.0,35.7,77.0,100.0,45.0
70.0,81.0,35.7,77.0,100.0,36.0
70.0,82.0,35.7,77.0,100.0,27.0
70.0,82.0,35.7,77.0,100.0,24.0
70.0,82.0,35.7,76.0,100.0,23.0
69.0,82.0,35.7,76.0,100.0,100.0
69.0,81.0,35.7,76.0,100.0,80.0
69.0,82.0,35.7,76.0,100.0,68.0
69.0,80.0,35.7,76.0,100.0,50.0
68.0,81.0,35.7,76.0,100.0,39.0
69.0,81.0,35.7,76.0,100.0,31.0
70.0,81.0,35.7,76.0,100.0,27.0
70.0,82.0,35.7,76.0,100.0,36.0
69.0,81.0,35.7,76.0,100.0,49.0
69.0,81.0,35.7,76.0,100.0,35.0
71.0,82.0,35.7,76.0,100.0,33.0
72.0,83.0,35.7,102.0,100.0,26.0
71.0,83.0,35.7,103.0,100.0,25.0
71.0,82.0,35.7,103.0,100.0,25.0
71.0,82.0,35.7,77.0,100.0,58.0
71.0,82.0,35.7,77.0,100.0,48.0
68.0,82.0,35.7,77.0,100.0,39.0
,,35.7,76.0,100.0,39.0
,,35.7,76.0,100.0,31.0
,,35.7,76.0,100.0,28.0
,,35.7,76.0,100.0,27.0
,,35.7,77.0,100.0,25.0
,,35.7,77.0,99.0,22.0
,,35.7,78.0,99.0,17.0
66.0,79.0,35.7,78.0,99.0,17.0
66.0,79.0,35.7,79.0,99.0,18.0
65.0,78.0,35.7,79.0,99.0,16.0
66.0,78.0,35.7,78.0,99.0,16.0
64.0,76.0,35.7,78.0,99.0,13.0
65.0,83.0,35.7,77.0,99.0,13.0
64.0,100.0,35.7,78.0,99.0,13.0
63.0,106.0,35.7,77.0,99.0,13.0
62.0,105.0,35.7,78.0,99.0,13.0
61.0,102.0,35.7,78.0,99.0,12.0
61.0,104.0,35.7,77.0,99.0,12.0
61.0,101.0,35.7,77.0,99.0,16.0
60.0,101.0,35.7,75.0,99.0,16.0
66.0,106.0,35.7,74.0,99.0,18.0
63.0,109.0,35.7,73.0,99.0,18.0
63.0,110.0,35.7,73.0,99.0,19.0
64.0,110.0,35.7,75.0,99.0,17.0
65.0,111.0,35.7,76.0,99.0,17.0
64.0,109.0,35.7,77.0,99.0,16.0
64.0,110.0,35.7,77.0,99.0,16.0
63.0,108.0,35.7,77.0,99.0,13.0
63.0,107.0,35.7,77.0,99.0,13.0
65.0,103.0,35.7,77.0,99.0,12.0
65.0,101.0,35.7,77.0,99.0,12.0
66.0,103.0,35.7,77.0,99.0,12.0
71.0,102.0,35.7,78.0,99.0,12.0
,,35.7,78.0,99.0,16.0
,,35.7,78.0,100.0,16.0
,,35.7,77.0,100.0,23.0
,,35.7,77.0,99.0,28.0
,,35.7,77.0,99.0,22.0
,,35.7,79.0,99.0,28.0
,,35.7,79.0,100.0,31.0
,,35.7,78.0,100.0,48.0
63.0,107.0,35.7,78.0,100.0,52.0
64.0,108.0,35.7,78.0,100.0,69.0
64.0,109.0,35.7,78.0,100.0,60.0
63.0,109.0,35.7,77.0,100.0,34.0
64.0,110.0,35.7,77.0,100.0,29.0
66.0,111.0,35.7,77.0,100.0,29.0
68.0,115.0,35.7,77.0,100.0,20.0
68.0,116.0,35.7,78.0,100.0,19.0
68.0,116.0,35.7,78.0,100.0,17.0
66.0,114.0,35.7,77.0,100.0,16.0
66.0,112.0,35.7,77.0,100.0,15.0
66.0,113.0,35.7,77.0,100.0,15.0
65.0,110.0,35.7,77.0,100.0,13.0
65.0,110.0,35.7,77.0,99.0,13.0
64.0,109.0,35.7,77.0,99.0,13.0
64.0,110.0,35.7,77.0,100.0,16.0
64.0,109.0,35.7,78.0,100.0,17.0
63.0,107.0,35.7,77.0,100.0,17.0
63.0,107.0,35.7,77.0,100.0,17.0
63.0,106.0,35.7,78.0,100.0,17.0
63.0,107.0,35.7,78.0,100.0,17.0
62.0,105.0,35.7,78.0,100.0,16.0
63.0,106.0,35.7,78.0,100.0,16.0
62.0,104.0,35.7,78.0,100.0,13.0
62.0,104.0,35.7,78.0,99.0,13.0
62.0,104.0,35.7,78.0,99.0,12.0
62.0,103.0,35.7,78.0,99.0,12.0
63.0,105.0,35.7,78.0,99.0,13.0
62.0,103.0,35.7,77.0,99.0,13.0
62.0,104.0,35.7,77.0,99.0,13.0
61.0,103.0,35.7,77.0,99.0,12.0
62.0,103.0,35.7,77.0,99.0,12.0
61.0,102.0,35.7,77.0,99.0,12.0
62.0,102.0,35.7,77.0,99.0,12.0
62.0,103.0,35.7,78.0,99.0,13.0
62.0,102.0,35.7,78.0,99.0,13.0
62.0,104.0,35.7,78.0,99.0,13.0
62.0,102.0,35.7,78.0,99.0,12.0
62.0,103.0,35.7,78.0,99.0,12.0
61.0,102.0,35.7,78.0,99.0,13.0
62.0,102.0,35.7,77.0,99.0,13.0
62.0,103.0,35.7,77.0,99.0,13.0
62.0,101.0,35.7,77.0,99.0,12.0
61.0,103.0,35.7,77.0,99.0,13.0
61.0,101.0,35.7,77.0,99.0,13.0
62.0,103.0,35.7,77.0,99.0,13.0
61.0,101.0,35.7,77.0,99.0,17.0
62.0,102.0,35.7,77.0,100.0,21.0
62.0,103.0,35.7,78.0,99.0,23.0
62.0,102.0,35.7,78.0,100.0,23.0
62.0,104.0,35.7,78.0,100.0,27.0
62.0,103.0,35.7,78.0,100.0,23.0
62.0,104.0,35.7,77.0,100.0,18.0
62.0,103.0,35.7,77.0,100.0,17.0
63.0,104.0,35.7,77.0,100.0,17.0
62.0,104.0,35.7,77.0,100.0,14.0
62.0,103.0,35.7,77.0,100.0,14.0
62.0,103.0,35.7,77.0,99.0,14.0
61.0,102.0,35.7,76.0,100.0,12.0
61.0,103.0,35.7,76.0,100.0,12.0
61.0,102.0,35.7,77.0,100.0,12.0
62.0,102.0,35.7,77.0,100.0,12.0
62.0,103.0,35.7,77.0,100.0,12.0
62.0,101.0,35.7,77.0,100.0,12.0
61.0,101.0,35.7,77.0,99.0,12.0
60.0,100.0,35.7,77.0,99.0,12.0
61.0,102.0,35.7,77.0,99.0,12.0
61.0,101.0,35.7,77.0,99.0,13.0
62.0,102.0,35.7,77.0,99.0,13.0
61.0,101.0,35.7,77.0,99.0,13.0
62.0,101.0,35.7,77.0,99.0,12.0
62.0,102.0,35.7,77.0,99.0,12.0
61.0,101.0,35.7,77.0,99.0,12.0
62.0,103.0,35.7,77.0,99.0,12.0
61.0,100.0,35.7,77.0,99.0,13.0
62.0,101.0,35.7,77.0,99.0,13.0
61.0,101.0,35.7,77.0,99.0,13.0
61.0,101.0,35.7,77.0,99.0,13.0
61.0,102.0,35.7,77.0,99.0,13.0
62.0,101.0,35.7,77.0,99.0,12.0
62.0,103.0,35.7,77.0,99.0,13.0
61.0,101.0,35.7,77.0,99.0,16.0
62.0,102.0,35.7,77.0,99.0,16.0
61.0,101.0,35.7,77.0,99.0,16.0
62.0,101.0,35.7,77.0,99.0,16.0
61.0,101.0,35.7,77.0,99.0,17.0
61.0,100.0,35.7,77.0,99.0,17.0
61.0,102.0,35.7,77.0,99.0,17.0
60.0,99.0,35.7,77.0,99.0,18.0
61.0,101.0,35.7,77.0,99.0,14.0
61.0,101.0,35.7,77.0,99.0,13.0
62.0,101.0,35.7,77.0,99.0,13.0
62.0,102.0,35.7,76.0,99.0,12.0
62.0,102.0,35.7,76.0,99.0,12.0
62.0,103.0,35.7,76.0,99.0,12.0
62.0,101.0,35.7,77.0,99.0,13.0
62.0,102.0,35.7,77.0,99.0,13.0
61.0,101.0,35.7,77.0,99.0,12.0
62.0,101.0,35.7,76.0,99.0,11.0
61.0,101.0,35.7,77.0,99.0,13.0
62.0,101.0,35.7,76.0,99.0,13.0
61.0,101.0,35.7,76.0,99.0,13.0
61.0,99.0,35.7,76.0,99.0,13.0
61.0,101.0,35.7,76.0,99.0,13.0
60.0,98.0,35.7,76.0,99.0,12.0
61.0,99.0,35.7,75.0,99.0,12.0
62.0,100.0,35.7,75.0,99.0,14.0
63.0,103.0,35.7,74.0,99.0,21.0
63.0,104.0,35.7,74.0,99.0,29.0
64.0,104.0,35.7,75.0,99.0,29.0
65.0,108.0,35.7,77.0,100.0,31.0
65.0,106.0,35.7,78.0,100.0,22.0
65.0,107.0,35.7,77.0,100.0,19.0
64.0,104.0,35.7,77.0,100.0,18.0
65.0,105.0,35.7,77.0,100.0,18.0
64.0,106.0,35.7,77.0,100.0,14.0
64.0,103.0,35.7,76.0,100.0,14.0
64.0,105.0,35.7,76.0,100.0,14.0
64.0,104.0,35.7,77.0,99.0,12.0
65.0,108.0,35.7,76.0,99.0,12.0
65.0,107.0,35.7,75.0,99.0,13.0
66.0,109.0,35.7,74.0,99.0,13.0
67.0,111.0,35.7,74.0,99.0,12.0
68.0,112.0,35.7,75.0,99.0,12.0
68.0,115.0,35.7,75.0,100.0,12.0
67.0,111.0,35.7,74.0,100.0,13.0
68.0,113.0,35.7,75.0,100.0,13.0
68.0,112.0,35.7,75.0,99.0,12.0
69.0,112.0,35.7,76.0,100.0,12.0
70.0,114.0,35.7,76.0,99.0,12.0
68.0,111.0,35.7,76.0,99.0,12.0
69.0,112.0,35.7,76.0,100.0,12.0
68.0,111.0,35.7,76.0,100.0,12.0
68.0,111.0,35.7,76.0,100.0,12.0
68.0,113.0,35.7,76.0,100.0,12.0
66.0,109.0,35.7,76.0,100.0,11.0
68.0,111.0,35.7,76.0,100.0,11.0
67.0,111.0,35.7,76.0,100.0,11.0
67.0,110.0,35.7,76.0,100.0,11.0
66.0,111.0,35.7,76.0,100.0,11.0
66.0,109.0,35.7,76.0,100.0,11.0
69.0,111.0,35.7,75.0,100.0,11.0
69.0,111.0,35.7,76.0,100.0,12.0
66.0,109.0,35.7,75.0,100.0,12.0
67.0,111.0,35.7,75.0,100.0,12.0
69.0,113.0,35.7,75.0,100.0,11.0
71.0,116.0,35.7,75.0,100.0,11.0
70.0,116.0,35.7,76.0,100.0,11.0
70.0,114.0,35.7,76.0,100.0,12.0
70.0,115.0,35.7,76.0,99.0,12.0
69.0,113.0,35.7,76.0,99.0,14.0
69.0,113.0,35.7,76.0,99.0,14.0
69.0,112.0,35.7,76.0,100.0,16.0
69.0,111.0,35.7,76.0,100.0,16.0
68.0,112.0,35.7,76.0,100.0,16.0
67.0,109.0,35.7,76.0,100.0,15.0
68.0,110.0,35.7,75.0,100.0,15.0
67.0,109.0,35.7,76.0,100.0,15.0
66.0,107.0,35.7,76.0,100.0,14.0
66.0,109.0,35.7,76.0,100.0,14.0
65.0,106.0,35.7,76.0,99.0,12.0
67.0,108.0,35.7,76.0,99.0,12.0
66.0,107.0,35.7,77.0,99.0,12.0
66.0,106.0,35.7,77.0,99.0,12.0
67.0,107.0,35.7,77.0,99.0,12.0
66.0,105.0,35.7,77.0,99.0,12.0
66.0,106.0,35.7,77.0,99.0,12.0
65.0,105.0,35.7,77.0,99.0,12.0
65.0,104.0,35.7,77.0,99.0,13.0
65.0,106.0,35.7,76.0,99.0,13.0
63.0,103.0,35.7,76.0,99.0,12.0
64.0,105.0,35.7,75.0,99.0,12.0
62.0,105.0,35.7,75.0,99.0,11.0
63.0,104.0,35.7,75.0,99.0,11.0
64.0,107.0,35.7,76.0,99.0,11.0
63.0,106.0,35.7,77.0,99.0,11.0
64.0,106.0,35.7,77.0,99.0,11.0
63.0,106.0,35.7,78.0,99.0,11.0
63.0,105.0,35.7,77.0,99.0,11.0
63.0,107.0,35.7,78.0,99.0,11.0
63.0,104.0,35.7,78.0,99.0,11.0
63.0,105.0,35.7,77.0,99.0,11.0
63.0,105.0,35.7,78.0,99.0,11.0
63.0,104.0,35.7,77.0,99.0,11.0
63.0,105.0,35.7,77.0,99.0,12.0
62.0,103.0,35.7,77.0,99.0,12.0
63.0,104.0,35.7,77.0,99.0,12.0
61.0,103.0,35.7,77.0,99.0,12.0
61.0,102.0,35.7,76.0,99.0,15.0
61.0,105.0,35.7,75.0,99.0,15.0
62.0,106.0,35.7,74.0,99.0,16.0
64.0,109.0,35.7,72.0,99.0,53.0
64.0,112.0,35.7,71.0,99.0,43.0
64.0,111.0,35.7,71.0,99.0,36.0
67.0,114.0,35.7,72.0,99.0,27.0
67.0,113.0,35.7,74.0,99.0,24.0
68.0,115.0,35.7,74.0,100.0,19.0
67.0,115.0,35.7,75.0,100.0,18.0
67.0,113.0,35.7,74.0,100.0,17.0
68.0,116.0,35.7,74.0,100.0,14.0
68.0,115.0,35.7,75.0,100.0,13.0
69.0,116.0,35.7,75.0,100.0,13.0
67.0,115.0,35.7,75.0,100.0,12.0
67.0,114.0,35.7,75.0,100.0,35.0
66.0,114.0,35.7,75.0,100.0,78.0
65.0,111.0,35.7,75.0,100.0,60.0
66.0,111.0,35.7,74.0,100.0,42.0
65.0,110.0,35.7,75.0,100.0,36.0
65.0,108.0,35.7,75.0,100.0,32.0
65.0,110.0,35.7,75.0,100.0,24.0
64.0,108.0,35.7,75.0,100.0,21.0
65.0,108.0,35.7,75.0,100.0,31.0
64.0,108.0,35.7,75.0,100.0,57.0
64.0,107.0,35.7,75.0,100.0,43.0
65.0,108.0,35.7,75.0,100.0,44.0
64.0,106.0,35.7,75.0,100.0,42.0
64.0,106.0,35.7,74.0,100.0,35.0
63.0,105.0,35.7,74.0,100.0,32.0
63.0,105.0,35.7,75.0,100.0,30.0
65.0,107.0,35.7,75.0,99.0,23.0
64.0,105.0,35.7,75.0,99.0,20.0
65.0,106.0,35.7,75.0,99.0,16.0
65.0,106.0,35.7,76.0,99.0,15.0
65.0,105.0,35.7,76.0,99.0,15.0
66.0,106.0,35.7,76.0,100.0,14.0
65.0,105.0,35.7,76.0,100.0,15.0
66.0,105.0,35.7,76.0,100.0,31.0
65.0,105.0,35.7,76.0,100.0,73.0
65.0,104.0,35.7,76.0,100.0,62.0
65.0,105.0,35.7,75.0,100.0,53.0
64.0,103.0,35.7,75.0,100.0,40.0
65.0,104.0,35.7,75.0,100.0,33.0
65.0,104.0,35.7,75.0,100.0,30.0
65.0,102.0,35.7,75.0,100.0,57.0
65.0,104.0,35.7,76.0,100.0,80.0
64.0,102.0,35.7,76.0,100.0,83.0
65.0,102.0,35.7,76.0,100.0,72.0
64.0,102.0,35.7,76.0,100.0,65.0
64.0,100.0,35.7,76.0,100.0,58.0
65.0,102.0,35.7,76.0,100.0,48.0
64.0,100.0,35.7,76.0,100.0,38.0
65.0,101.0,35.7,76.0,100.0,28.0
63.0,96.0,35.7,77.0,100.0,24.0
63.0,93.0,35.7,77.0,100.0,20.0
64.0,95.0,35.7,77.0,100.0,17.0
63.0,93.0,35.7,77.0,100.0,16.0
64.0,95.0,35.7,77.0,100.0,16.0
62.0,95.0,35.7,77.0,100.0,14.0
62.0,94.0,35.7,76.0,100.0,13.0
62.0,95.0,35.7,76.0,100.0,13.0
61.0,93.0,35.7,76.0,100.0,11.0
62.0,95.0,35.7,75.0,100.0,11.0
61.0,94.0,35.7,76.0,100.0,11.0
61.0,93.0,35.7,75.0,100.0,11.0
62.0,95.0,35.7,76.0,100.0,11.0
61.0,92.0,35.7,76.0,100.0,12.0
62.0,93.0,35.7,76.0,100.0,12.0
61.0,92.0,35.7,77.0,100.0,12.0
62.0,91.0,35.7,77.0,100.0,11.0
63.0,94.0,35.7,77.0,100.0,12.0
62.0,92.0,35.7,77.0,100.0,12.0
62.0,93.0,35.7,77.0,100.0,12.0
,,35.7,76.0,100.0,12.0
,,35.7,76.0,100.0,12.0
,,35.7,75.0,100.0,12.0
,,35.7,75.0,100.0,11.0
,,35.7,75.0,100.0,16.0
,,35.7,76.0,100.0,16.0
,,35.7,76.0,100.0,16.0
,,35.7,76.0,100.0,16.0
60.0,84.0,35.7,76.0,100.0,15.0
60.0,83.0,35.7,76.0,100.0,15.0
60.0,81.0,35.7,77.0,100.0,16.0
73.0,92.0,35.7,77.0,100.0,16.0
61.0,99.0,35.7,77.0,100.0,16.0
53.0,87.0,35.7,77.0,100.0,12.0
58.0,93.0,35.7,77.0,100.0,12.0
57.0,90.0,35.7,77.0,100.0,11.0
59.0,97.0,35.7,76.0,100.0,11.0
60.0,100.0,35.7,76.0,100.0,11.0
59.0,98.0,35.7,77.0,100.0,12.0
60.0,100.0,35.7,76.0,100.0,12.0
59.0,99.0,35.7,76.0,100.0,12.0
59.0,98.0,35.7,76.0,100.0,11.0
60.0,100.0,35.7,75.0,100.0,11.0
59.0,98.0,35.7,75.0,100.0,11.0
60.0,100.0,35.7,75.0,100.0,11.0
60.0,100.0,35.7,76.0,100.0,12.0
60.0,99.0,35.7,76.0,100.0,14.0
60.0,101.0,35.7,75.0,100.0,14.0
59.0,98.0,35.7,75.0,100.0,15.0
60.0,99.0,35.7,75.0,100.0,15.0
59.0,99.0,35.7,75.0,100.0,16.0
59.0,97.0,35.7,75.0,100.0,15.0
59.0,99.0,35.7,75.0,100.0,15.0
58.0,97.0,35.7,75.0,100.0,15.0
59.0,98.0,35.7,75.0,100.0,15.0
58.0,97.0,35.7,75.0,100.0,12.0
58.0,96.0,35.7,75.0,100.0,12.0
59.0,99.0,35.7,75.0,100.0,12.0
58.0,97.0,35.7,75.0,100.0,12.0
59.0,97.0,35.7,75.0,100.0,12.0
59.0,98.0,35.7,75.0,100.0,12.0
59.0,97.0,35.7,74.0,100.0,12.0
59.0,99.0,35.7,74.0,100.0,12.0
58.0,97.0,35.7,74.0,100.0,12.0
59.0,98.0,35.7,74.0,100.0,12.0
59.0,98.0,35.7,75.0,100.0,12.0
59.0,97.0,35.7,75.0,100.0,12.0
59.0,99.0,35.7,75.0,100.0,12.0
58.0,97.0,35.7,75.0,100.0,11.0
59.0,97.0,35.7,74.0,100.0,11.0
58.0,97.0,35.7,74.0,100.0,11.0
58.0,95.0,35.7,74.0,100.0,11.0
59.0,97.0,35.7,74.0,100.0,13.0
57.0,94.0,35.7,75.0,100.0,15.0
58.0,95.0,35.7,75.0,100.0,15.0
59.0,96.0,35.7,75.0,100.0,16.0
58.0,96.0,35.8,75.0,100.0,16.0
59.0,100.0,35.8,75.0,100.0,16.0
60.0,99.0,35.8,75.0,100.0,15.0
62.0,101.0,35.8,74.0,100.0,15.0
61.0,102.0,35.8,75.0,100.0,14.0
61.0,100.0,35.8,75.0,100.0,14.0
61.0,102.0,35.8,75.0,100.0,12.0
60.0,99.0,35.8,75.0,100.0,11.0
61.0,99.0,35.8,74.0,100.0,11.0
60.0,99.0,35.8,74.0,100.0,11.0
60.0,98.0,35.8,74.0,100.0,11.0
61.0,100.0,35.8,75.0,100.0,11.0
60.0,98.0,35.8,75.0,100.0,11.0
61.0,99.0,35.8,75.0,100.0,11.0
60.0,100.0,35.8,75.0,100.0,11.0
60.0,98.0,35.8,75.0,100.0,15.0
60.0,99.0,35.8,75.0,100.0,15.0
59.0,97.0,35.8,75.0,100.0,15.0
59.0,96.0,35.8,75.0,100.0,15.0
60.0,97.0,35.8,74.0,100.0,15.0
58.0,97.0,35.8,74.0,100.0,15.0
61.0,100.0,35.8,73.0,100.0,19.0
62.0,101.0,35.8,73.0,100.0,19.0
64.0,104.0,35.8,73.0,100.0,15.0
64.0,105.0,35.8,74.0,99.0,15.0
64.0,103.0,35.8,75.0,100.0,22.0
65.0,105.0,35.8,75.0,100.0,19.0
64.0,102.0,35.8,75.0,100.0,19.0
64.0,102.0,35.8,75.0,100.0,19.0
64.0,101.0,35.8,75.0,100.0,17.0
64.0,100.0,35.8,74.0,100.0,21.0
66.0,101.0,35.8,75.0,100.0,21.0
66.0,100.0,35.8,75.0,100.0,16.0
67.0,101.0,35.8,75.0,100.0,15.0
66.0,102.0,35.8,74.0,100.0,15.0
66.0,100.0,35.8,74.0,100.0,15.0
67.0,101.0,35.8,74.0,100.0,15.0
67.0,99.0,35.8,75.0,100.0,15.0
68.0,99.0,35.8,74.0,100.0,15.0
67.0,99.0,35.8,74.0,100.0,13.0
67.0,97.0,35.8,74.0,100.0,13.0
67.0,99.0,35.8,74.0,100.0,13.0
67.0,96.0,35.8,74.0,100.0,15.0
68.0,96.0,35.8,74.0,100.0,20.0
68.0,95.0,35.8,74.0,100.0,20.0
67.0,91.0,35.8,74.0,100.0,23.0
67.0,91.0,35.8,74.0,100.0,26.0
67.0,87.0,35.8,74.0,100.0,26.0
69.0,85.0,35.8,74.0,100.0,26.0
69.0,85.0,35.8,74.0,100.0,18.0
69.0,82.0,35.8,73.0,100.0,18.0
69.0,82.0,35.8,73.0,100.0,17.0
69.0,81.0,35.8,73.0,100.0,16.0
70.0,80.0,35.8,73.0,100.0,16.0
67.0,80.0,35.8,73.0,100.0,15.0
,,35.8,73.0,100.0,14.0
,,35.8,73.0,100.0,14.0
,,35.8,73.0,100.0,12.0
,,35.8,73.0,100.0,15.0
,,35.8,73.0,100.0,22.0
,,35.8,73.0,100.0,22.0
,,35.8,73.0,100.0,24.0
,,35.8,73.0,100.0,22.0
62.0,77.0,35.8,72.0,100.0,18.0
60.0,90.0,35.8,72.0,100.0,16.0
59.0,99.0,35.8,72.0,100.0,16.0
59.0,101.0,35.8,72.0,100.0,16.0
54.0,102.0,35.8,72.0,100.0,16.0
57.0,99.0,35.8,72.0,100.0,17.0
59.0,101.0,35.8,73.0,100.0,15.0
60.0,102.0,35.8,74.0,100.0,15.0
61.0,104.0,35.8,74.0,100.0,17.0
60.0,102.0,35.8,74.0,100.0,16.0
60.0,103.0,35.8,74.0,100.0,16.0
60.0,102.0,35.8,74.0,100.0,16.0
59.0,102.0,35.8,73.0,100.0,15.0
62.0,103.0,35.8,73.0,100.0,15.0
51.0,113.0,35.8,72.0,100.0,15.0
56.0,103.0,35.8,72.0,100.0,15.0
59.0,100.0,35.8,72.0,100.0,15.0
60.0,100.0,35.8,72.0,100.0,15.0
61.0,101.0,35.8,72.0,100.0,15.0
59.0,98.0,35.8,72.0,100.0,13.0
59.0,99.0,35.8,72.0,100.0,13.0
59.0,102.0,35.8,73.0,99.0,12.0
59.0,102.0,35.8,73.0,100.0,15.0
60.0,104.0,35.8,74.0,100.0,15.0
60.0,102.0,35.8,74.0,100.0,15.0
59.0,101.0,35.8,73.0,100.0,15.0
60.0,101.0,35.8,74.0,100.0,16.0
60.0,102.0,35.8,74.0,100.0,16.0
61.0,105.0,35.8,75.0,100.0,16.0
60.0,107.0,35.8,75.0,100.0,14.0
56.0,97.0,35.8,74.0,100.0,14.0
60.0,103.0,35.8,74.0,100.0,12.0
60.0,103.0,35.8,74.0,100.0,12.0
62.0,105.0,35.8,74.0,100.0,12.0
61.0,103.0,35.8,74.0,100.0,13.0
59.0,106.0,35.8,74.0,100.0,13.0
61.0,104.0,35.8,74.0,100.0,11.0
61.0,102.0,35.8,74.0,100.0,11.0
62.0,105.0,35.8,74.0,100.0,11.0
61.0,103.0,35.8,75.0,100.0,12.0
62.0,104.0,35.8,74.0,100.0,12.0
61.0,108.0,35.8,74.0,100.0,11.0
61.0,104.0,35.8,73.0,100.0,11.0
58.0,106.0,35.8,74.0,100.0,11.0
61.0,103.0,35.8,75.0,100.0,11.0
61.0,102.0,35.8,74.0,100.0,10.0
61.0,103.0,35.8,75.0,100.0,10.0
61.0,103.0,35.8,75.0,100.0,11.0
62.0,105.0,35.8,75.0,100.0,12.0
61.0,103.0,35.8,75.0,100.0,16.0
62.0,104.0,35.8,74.0,100.0,21.0
61.0,104.0,35.8,74.0,100.0,21.0
61.0,103.0,35.8,74.0,100.0,28.0
62.0,104.0,35.8,73.0,100.0,25.0
62.0,90.0,35.8,74.0,100.0,24.0
63.0,89.0,35.8,74.0,100.0,21.0
63.0,90.0,35.8,74.0,100.0,18.0
63.0,88.0,35.8,74.0,100.0,18.0
64.0,90.0,35.8,74.0,100.0,18.0
63.0,90.0,35.8,74.0,100.0,15.0
65.0,89.0,35.8,74.0,100.0,15.0
64.0,89.0,35.8,74.0,100.0,14.0
56.0,88.0,35.8,74.0,100.0,14.0
61.0,100.0,35.8,74.0,100.0,14.0
48.0,101.0,35.8,74.0,100.0,42.0
59.0,102.0,35.8,74.0,100.0,37.0
63.0,107.0,35.8,75.0,100.0,40.0
71.0,107.0,35.8,75.0,100.0,32.0
80.0,108.0,35.8,75.0,100.0,25.0
65.0,104.0,35.8,75.0,100.0,21.0
61.0,102.0,35.8,75.0,100.0,19.0
60.0,102.0,35.8,75.0,100.0,19.0
59.0,100.0,35.8,75.0,100.0,15.0
60.0,102.0,35.8,74.0,100.0,13.0
59.0,100.0,35.8,74.0,100.0,13.0
60.0,100.0,35.8,74.0,100.0,13.0
60.0,101.0,35.8,75.0,100.0,11.0
59.0,100.0,35.8,75.0,100.0,11.0
60.0,102.0,35.8,75.0,100.0,11.0
59.0,101.0,35.8,75.0,100.0,11.0
60.0,101.0,35.8,75.0,100.0,12.0
60.0,102.0,35.8,75.0,100.0,11.0
60.0,101.0,35.8,75.0,100.0,11.0
61.0,103.0,35.8,75.0,100.0,11.0
60.0,101.0,35.8,75.0,100.0,11.0
60.0,101.0,35.8,74.0,100.0,11.0
59.0,101.0,35.8,74.0,100.0,11.0
59.0,100.0,35.8,74.0,100.0,12.0
60.0,90.0,35.8,73.0,100.0,12.0
59.0,79.0,35.8,73.0,100.0,12.0
61.0,75.0,35.8,73.0,100.0,12.0
61.0,74.0,35.8,74.0,100.0,12.0
61.0,73.0,35.8,74.0,100.0,11.0
62.0,74.0,35.8,73.0,100.0,11.0
61.0,73.0,35.8,74.0,100.0,12.0
62.0,73.0,35.8,73.0,100.0,12.0
62.0,73.0,35.8,73.0,100.0,12.0
61.0,73.0,35.8,73.0,100.0,12.0
62.0,73.0,35.8,73.0,100.0,12.0
62.0,73.0,35.8,74.0,100.0,11.0
63.0,74.0,35.8,73.0,100.0,11.0
63.0,74.0,35.8,74.0,100.0,11.0
62.0,73.0,35.8,73.0,100.0,12.0
63.0,74.0,35.8,73.0,100.0,12.0
62.0,74.0,35.8,74.0,100.0,12.0
64.0,74.0,35.8,73.0,100.0,11.0
63.0,75.0,35.8,74.0,100.0,11.0
60.0,78.0,35.8,74.0,100.0,11.0
61.0,95.0,35.8,74.0,100.0,11.0
58.0,100.0,35.8,74.0,100.0,12.0
59.0,100.0,35.8,74.0,100.0,12.0
59.0,99.0,35.8,74.0,100.0,12.0
64.0,90.0,35.8,74.0,100.0,16.0
69.0,84.0,35.8,73.0,100.0,16.0
62.0,90.0,35.8,74.0,100.0,18.0
64.0,79.0,35.8,73.0,100.0,16.0
62.0,78.0,35.8,73.0,100.0,16.0
60.0,94.0,35.8,73.0,100.0,16.0
57.0,97.0,35.8,74.0,100.0,16.0
62.0,97.0,35.8,74.0,100.0,14.0
60.0,100.0,35.8,73.0,100.0,14.0
59.0,98.0,35.8,73.0,100.0,14.0
58.0,96.0,35.8,73.0,100.0,12.0
59.0,98.0,35.8,73.0,100.0,12.0
58.0,96.0,35.8,73.0,100.0,12.0
59.0,97.0,35.8,73.0,100.0,12.0
58.0,98.0,35.8,73.0,100.0,12.0
58.0,96.0,35.8,73.0,100.0,11.0
58.0,97.0,35.8,73.0,100.0,11.0
57.0,95.0,35.8,73.0,100.0,12.0
58.0,96.0,35.8,72.0,100.0,12.0
57.0,96.0,35.8,72.0,100.0,12.0
58.0,95.0,35.8,72.0,100.0,11.0
59.0,99.0,35.8,72.0,100.0,11.0
58.0,96.0,35.8,73.0,100.0,11.0
58.0,96.0,35.8,72.0,100.0,12.0
58.0,97.0,35.8,73.0,100.0,12.0
57.0,96.0,35.8,73.0,100.0,12.0
58.0,97.0,35.8,72.0,100.0,12.0
57.0,96.0,35.8,73.0,100.0,11.0
57.0,93.0,35.8,72.0,100.0,11.0
55.0,93.0,35.8,73.0,100.0,11.0
57.0,98.0,35.8,73.0,100.0,12.0
120.0,100.0,35.8,73.0,100.0,12.0
73.0,95.0,35.8,74.0,100.0,11.0
59.0,95.0,35.8,73.0,100.0,11.0
57.0,95.0,35.8,73.0,100.0,12.0
57.0,94.0,35.8,73.0,100.0,12.0
58.0,96.0,35.8,73.0,100.0,12.0
57.0,95.0,35.8,73.0,100.0,12.0
58.0,96.0,35.8,73.0,100.0,11.0
58.0,98.0,35.8,73.0,100.0,11.0
58.0,96.0,35.8,73.0,100.0,15.0
59.0,98.0,35.8,73.0,100.0,15.0
58.0,96.0,35.8,73.0,100.0,16.0
59.0,97.0,35.8,73.0,100.0,18.0
58.0,98.0,35.8,73.0,100.0,17.0
58.0,96.0,35.8,73.0,100.0,16.0
59.0,99.0,35.8,73.0,100.0,16.0
58.0,97.0,35.8,73.0,100.0,15.0
60.0,99.0,35.8,73.0,100.0,15.0
59.0,99.0,35.8,73.0,100.0,12.0
59.0,98.0,35.8,74.0,100.0,11.0
59.0,100.0,35.8,73.0,100.0,11.0
59.0,98.0,35.8,73.0,100.0,11.0
59.0,98.0,35.8,72.0,100.0,11.0
59.0,100.0,35.8,72.0,100.0,11.0
58.0,97.0,35.8,72.0,100.0,12.0
59.0,99.0,35.8,72.0,100.0,12.0
58.0,97.0,35.8,72.0,100.0,12.0
60.0,99.0,35.8,73.0,100.0,12.0
60.0,100.0,35.8,73.0,100.0,13.0
59.0,99.0,35.8,73.0,100.0,13.0
59.0,100.0,35.8,73.0,100.0,13.0
58.0,98.0,35.8,73.0,100.0,11.0
59.0,99.0,35.8,72.0,100.0,11.0
59.0,99.0,35.8,72.0,100.0,11.0
58.0,98.0,35.8,71.0,100.0,11.0
59.0,100.0,35.8,71.0,100.0,11.0
60.0,99.0,35.8,72.0,100.0,12.0
60.0,100.0,35.8,72.0,100.0,12.0
60.0,101.0,35.8,72.0,100.0,12.0
60.0,100.0,35.8,73.0,100.0,16.0
61.0,102.0,35.8,73.0,100.0,17.0
60.0,101.0,35.8,73.0,100.0,16.0
61.0,101.0,35.8,73.0,100.0,16.0
60.0,101.0,35.8,73.0,100.0,16.0
59.0,99.0,35.8,73.0,100.0,15.0
59.0,100.0,35.8,72.0,100.0,15.0
58.0,98.0,35.8,72.0,100.0,15.0
59.0,99.0,35.8,72.0,100.0,15.0
59.0,99.0,35.8,73.0,100.0,12.0
59.0,98.0,35.8,73.0,100.0,12.0
59.0,100.0,35.8,73.0,100.0,12.0
58.0,98.0,35.8,73.0,100.0,11.0
59.0,99.0,35.8,72.0,100.0,11.0
59.0,99.0,35.8,73.0,100.0,12.0
59.0,98.0,35.8,73.0,100.0,15.0
59.0,100.0,35.8,73.0,100.0,15.0
58.0,98.0,35.8,73.0,100.0,15.0
59.0,98.0,35.8,73.0,100.0,15.0
59.0,99.0,35.8,73.0,100.0,16.0
59.0,98.0,35.8,73.0,100.0,16.0
59.0,99.0,35.8,73.0,100.0,15.0
59.0,97.0,35.8,73.0,100.0,15.0
59.0,98.0,35.8,73.0,100.0,15.0
58.0,98.0,35.8,73.0,100.0,12.0
59.0,97.0,35.8,73.0,100.0,12.0
60.0,100.0,35.8,73.0,100.0,12.0
59.0,99.0,35.8,73.0,100.0,12.0
59.0,99.0,35.8,73.0,100.0,12.0
59.0,99.0,35.8,73.0,100.0,11.0
58.0,98.0,35.8,73.0,100.0,11.0
59.0,99.0,35.8,72.0,100.0,11.0
58.0,97.0,35.8,73.0,100.0,12.0
58.0,97.0,35.8,72.0,100.0,12.0
58.0,98.0,35.8,72.0,100.0,12.0
57.0,96.0,35.8,72.0,100.0,12.0
57.0,98.0,35.8,73.0,100.0,12.0
57.0,97.0,35.8,73.0,100.0,11.0
57.0,97.0,35.8,73.0,100.0,11.0
54.0,98.0,35.8,73.0,100.0,12.0
57.0,96.0,35.8,73.0,100.0,12.0
58.0,98.0,35.8,73.0,100.0,12.0
57.0,95.0,35.8,73.0,100.0,11.0
58.0,96.0,35.8,73.0,100.0,11.0
57.0,97.0,35.8,73.0,100.0,11.0
58.0,96.0,35.8,73.0,100.0,11.0
58.0,98.0,35.8,73.0,100.0,11.0
57.0,96.0,35.8,73.0,100.0,11.0
58.0,97.0,35.8,72.0,100.0,11.0
57.0,97.0,35.8,73.0,100.0,11.0
57.0,96.0,35.8,73.0,100.0,11.0
58.0,97.0,35.8,73.0,100.0,11.0
58.0,97.0,35.8,73.0,100.0,12.0
60.0,98.0,35.8,73.0,100.0,12.0
59.0,100.0,35.8,73.0,100.0,12.0
59.0,100.0,35.8,73.0,100.0,12.0
43.0,43.0,35.8,73.0,100.0,12.0
43.0,43.0,35.8,73.0,100.0,12.0
38.0,38.0,35.8,74.0,100.0,11.0
38.0,38.0,35.8,74.0,100.0,11.0
38.0,38.0,35.8,74.0,100.0,11.0
36.0,38.0,35.8,74.0,100.0,11.0
38.0,41.0,35.8,74.0,100.0,11.0
43.0,53.0,35.8,73.0,100.0,11.0
54.0,78.0,35.8,73.0,100.0,11.0
60.0,89.0,35.8,73.0,100.0,11.0
62.0,98.0,35.8,73.0,100.0,11.0
61.0,98.0,35.8,74.0,100.0,12.0
61.0,100.0,35.8,74.0,100.0,12.0
59.0,98.0,35.8,74.0,100.0,12.0
58.0,96.0,35.8,75.0,100.0,12.0
58.0,97.0,35.8,74.0,100.0,12.0
56.0,94.0,35.8,74.0,100.0,12.0
57.0,94.0,35.8,74.0,100.0,12.0
56.0,94.0,35.8,74.0,100.0,12.0
55.0,92.0,35.8,74.0,100.0,11.0
56.0,94.0,35.8,74.0,100.0,11.0
56.0,93.0,35.8,74.0,100.0,11.0
56.0,94.0,35.8,74.0,100.0,11.0
57.0,96.0,35.8,74.0,100.0,11.0
56.0,95.0,35.8,74.0,100.0,11.0
57.0,97.0,35.8,74.0,100.0,11.0
56.0,95.0,35.8,74.0,100.0,11.0
56.0,96.0,35.8,73.0,100.0,11.0
56.0,96.0,35.8,73.0,100.0,11.0
56.0,94.0,35.8,73.0,100.0,12.0
56.0,96.0,35.8,73.0,100.0,12.0
55.0,95.0,35.8,73.0,100.0,12.0
56.0,95.0,35.8,73.0,100.0,12.0
56.0,96.0,35.8,73.0,100.0,12.0
56.0,95.0,35.8,73.0,100.0,11.0
56.0,96.0,35.8,73.0,100.0,11.0
56.0,95.0,35.8,74.0,100.0,11.0
57.0,96.0,35.8,74.0,100.0,11.0
56.0,97.0,35.8,74.0,100.0,11.0
56.0,96.0,35.8,74.0,100.0,11.0
57.0,98.0,35.8,73.0,100.0,11.0
56.0,96.0,35.8,73.0,100.0,11.0
57.0,97.0,35.8,73.0,100.0,11.0
56.0,97.0,35.8,73.0,100.0,12.0
57.0,96.0,35.8,74.0,100.0,12.0
57.0,98.0,35.8,73.0,100.0,12.0
56.0,96.0,35.8,73.0,100.0,12.0
57.0,97.0,35.8,73.0,100.0,12.0
56.0,97.0,35.8,73.0,100.0,12.0
56.0,96.0,35.8,73.0,100.0,12.0
57.0,98.0,35.8,73.0,100.0,12.0
56.0,96.0,35.8,73.0,100.0,12.0
56.0,96.0,35.8,72.0,100.0,12.0
56.0,96.0,35.8,73.0,100.0,12.0
56.0,95.0,35.8,73.0,100.0,12.0
56.0,96.0,35.8,73.0,100.0,17.0
55.0,95.0,35.8,73.0,100.0,44.0
56.0,96.0,35.8,72.0,100.0,65.0
55.0,96.0,35.8,72.0,100.0,53.0
55.0,94.0,35.8,72.0,100.0,37.0
56.0,96.0,35.8,72.0,100.0,26.0
56.0,95.0,35.8,73.0,100.0,23.0
56.0,95.0,35.8,73.0,100.0,21.0
56.0,96.0,35.8,73.0,100.0,18.0
56.0,95.0,35.8,73.0,100.0,17.0
56.0,96.0,35.8,73.0,100.0,14.0
56.0,95.0,35.8,73.0,100.0,13.0
56.0,95.0,35.8,73.0,100.0,13.0
56.0,96.0,35.8,73.0,100.0,13.0
55.0,94.0,35.8,73.0,100.0,13.0
56.0,96.0,35.8,73.0,100.0,13.0
55.0,94.0,35.8,73.0,100.0,12.0
56.0,95.0,35.8,73.0,100.0,12.0
56.0,95.0,35.8,73.0,100.0,12.0
56.0,94.0,35.8,73.0,100.0,12.0
56.0,96.0,35.8,73.0,100.0,12.0
55.0,94.0,35.8,73.0,100.0,11.0
56.0,95.0,35.8,73.0,100.0,11.0
55.0,95.0,35.8,73.0,100.0,11.0
55.0,94.0,35.8,73.0,100.0,12.0
55.0,95.0,35.8,72.0,100.0,12.0
55.0,94.0,35.8,73.0,100.0,11.0
55.0,94.0,35.8,72.0,100.0,11.0
55.0,94.0,35.8,73.0,100.0,12.0
55.0,93.0,35.8,73.0,100.0,12.0
55.0,94.0,35.8,72.0,100.0,12.0
55.0,93.0,35.8,73.0,100.0,12.0
55.0,94.0,35.8,72.0,100.0,12.0
55.0,94.0,35.8,73.0,100.0,12.0
55.0,93.0,35.8,72.0,100.0,11.0
55.0,95.0,35.8,72.0,100.0,11.0
55.0,94.0,35.8,72.0,100.0,11.0
56.0,94.0,35.8,72.0,100.0,12.0
56.0,95.0,35.8,73.0,100.0,12.0
56.0,94.0,35.8,73.0,100.0,11.0
56.0,96.0,35.8,73.0,100.0,11.0
55.0,94.0,35.8,73.0,100.0,11.0
56.0,94.0,35.8,72.0,100.0,11.0
55.0,94.0,35.8,73.0,100.0,11.0
55.0,93.0,35.8,73.0,100.0,12.0
56.0,95.0,35.8,73.0,100.0,12.0
55.0,94.0,35.8,73.0,100.0,12.0
56.0,95.0,35.8,73.0,100.0,12.0
55.0,94.0,35.8,73.0,100.0,11.0
55.0,93.0,35.8,73.0,100.0,11.0
55.0,95.0,35.8,73.0,100.0,11.0
55.0,94.0,35.8,73.0,100.0,11.0
55.0,94.0,35.8,73.0,100.0,12.0
55.0,95.0,35.7,73.0,100.0,12.0
56.0,95.0,35.8,72.0,100.0,12.0
56.0,97.0,35.7,72.0,100.0,12.0
56.0,96.0,35.7,72.0,100.0,11.0
56.0,95.0,35.7,72.0,100.0,11.0
55.0,95.0,35.7,72.0,100.0,11.0
56.0,95.0,35.7,72.0,100.0,12.0
57.0,98.0,35.7,72.0,100.0,12.0
58.0,98.0,35.7,72.0,100.0,12.0
59.0,99.0,35.7,72.0,100.0,12.0
60.0,102.0,35.7,72.0,100.0,12.0
61.0,102.0,35.8,71.0,100.0,11.0
62.0,104.0,35.8,70.0,100.0,11.0
61.0,103.0,35.8,70.0,100.0,12.0
62.0,104.0,35.8,69.0,100.0,12.0
62.0,105.0,35.8,70.0,100.0,12.0
61.0,104.0,35.7,70.0,100.0,12.0
61.0,105.0,35.7,69.0,100.0,12.0
60.0,103.0,35.7,69.0,100.0,12.0
60.0,102.0,35.7,69.0,100.0,12.0
59.0,102.0,35.7,69.0,100.0,12.0
59.0,101.0,35.7,69.0,100.0,11.0
60.0,103.0,35.7,69.0,100.0,11.0
59.0,101.0,35.7,69.0,100.0,11.0
59.0,101.0,35.7,69.0,100.0,11.0
59.0,101.0,35.7,69.0,100.0,11.0
59.0,100.0,35.7,69.0,100.0,11.0
59.0,102.0,35.7,69.0,100.0,11.0
58.0,100.0,35.8,70.0,100.0,12.0
59.0,100.0,35.8,69.0,100.0,12.0
59.0,101.0,35.8,70.0,100.0,12.0
58.0,99.0,35.8,70.0,100.0,12.0
59.0,101.0,35.8,70.0,100.0,12.0
58.0,100.0,35.8,70.0,100.0,12.0
59.0,100.0,35.7,70.0,100.0,12.0
58.0,100.0,35.7,70.0,100.0,12.0
58.0,99.0,35.7,69.0,100.0,12.0
58.0,100.0,35.7,69.0,100.0,12.0
58.0,99.0,35.7,70.0,100.0,11.0
58.0,99.0,35.7,69.0,100.0,11.0
58.0,99.0,35.7,70.0,100.0,11.0
58.0,98.0,35.7,70.0,100.0,11.0
58.0,99.0,35.7,70.0,100.0,11.0
58.0,98.0,35.7,71.0,100.0,11.0
58.0,99.0,35.7,70.0,100.0,11.0
58.0,99.0,35.7,70.0,100.0,12.0
58.0,98.0,35.7,70.0,100.0,12.0
58.0,100.0,35.7,69.0,100.0,12.0
57.0,99.0,35.7,70.0,100.0,12.0
58.0,99.0,35.7,69.0,100.0,12.0
57.0,99.0,35.7,69.0,100.0,12.0
57.0,98.0,35.7,69.0,100.0,12.0
57.0,99.0,35.7,69.0,100.0,12.0
57.0,98.0,35.7,69.0,100.0,12.0
57.0,98.0,35.7,69.0,100.0,12.0
57.0,99.0,35.7,70.0,100.0,11.0
57.0,97.0,35.7,70.0,100.0,11.0
57.0,98.0,35.7,69.0,100.0,11.0
57.0,97.0,35.7,69.0,100.0,11.0
57.0,98.0,35.7,69.0,100.0,11.0
57.0,99.0,35.7,69.0,100.0,11.0
57.0,97.0,35.7,70.0,100.0,11.0
57.0,99.0,35.7,69.0,100.0,11.0
57.0,98.0,35.7,70.0,100.0,12.0
58.0,98.0,35.7,70.0,100.0,12.0
57.0,99.0,35.7,70.0,100.0,12.0
57.0,98.0,35.7,70.0,100.0,12.0
58.0,99.0,35.7,70.0,100.0,12.0
57.0,98.0,35.7,70.0,100.0,12.0
57.0,99.0,35.7,70.0,100.0,11.0
57.0,98.0,35.7,70.0,100.0,12.0
56.0,97.0,35.7,69.0,100.0,12.0
57.0,98.0,35.7,69.0,100.0,12.0
56.0,97.0,35.7,69.0,100.0,11.0
56.0,97.0,35.7,69.0,100.0,11.0
57.0,99.0,35.7,69.0,100.0,12.0
57.0,99.0,35.7,69.0,100.0,12.0
57.0,100.0,35.7,69.0,100.0,12.0
57.0,99.0,35.7,69.0,100.0,12.0
57.0,99.0,35.7,68.0,100.0,12.0
57.0,100.0,35.7,68.0,100.0,12.0
56.0,99.0,35.7,68.0,100.0,11.0
57.0,99.0,35.7,68.0,100.0,11.0
56.0,97.0,35.7,68.0,100.0,11.0
56.0,97.0,35.7,68.0,100.0,11.0
56.0,98.0,35.7,68.0,100.0,11.0
55.0,96.0,35.7,68.0,100.0,11.0
56.0,97.0,35.7,68.0,100.0,11.0
55.0,97.0,35.7,68.0,100.0,12.0
55.0,96.0,35.7,68.0,100.0,12.0
55.0,96.0,35.7,68.0,100.0,11.0
54.0,95.0,35.7,68.0,100.0,11.0
55.0,96.0,35.7,68.0,100.0,11.0
54.0,95.0,35.7,67.0,100.0,11.0
55.0,96.0,35.7,67.0,100.0,11.0
55.0,96.0,35.7,67.0,100.0,11.0
55.0,96.0,35.7,67.0,100.0,11.0
56.0,97.0,35.7,67.0,100.0,11.0
55.0,96.0,35.7,68.0,100.0,12.0
56.0,95.0,35.7,68.0,100.0,12.0
55.0,96.0,35.7,68.0,100.0,12.0
55.0,95.0,35.7,68.0,100.0,12.0
56.0,96.0,35.7,68.0,100.0,12.0
57.0,95.0,35.7,69.0,100.0,11.0
59.0,94.0,35.7,68.0,100.0,11.0
60.0,94.0,35.7,68.0,100.0,11.0
58.0,93.0,35.7,68.0,100.0,11.0
57.0,94.0,35.7,68.0,100.0,11.0
55.0,93.0,35.7,68.0,100.0,11.0
55.0,94.0,35.7,68.0,100.0,11.0
55.0,95.0,35.7,69.0,100.0,11.0
55.0,93.0,35.7,69.0,100.0,11.0
56.0,95.0,35.7,69.0,100.0,11.0
56.0,94.0,35.7,70.0,100.0,12.0
57.0,95.0,35.7,70.0,99.0,12.0
57.0,95.0,35.7,70.0,99.0,12.0
57.0,94.0,35.7,71.0,99.0,12.0
58.0,95.0,35.7,71.0,99.0,12.0
58.0,94.0,35.7,71.0,99.0,12.0
58.0,94.0,35.7,71.0,99.0,11.0
61.0,94.0,35.7,71.0,99.0,11.0
58.0,93.0,35.7,71.0,99.0,11.0
58.0,95.0,35.7,70.0,100.0,11.0
59.0,94.0,35.7,71.0,100.0,11.0
59.0,94.0,35.7,71.0,100.0,11.0
60.0,95.0,35.7,71.0,100.0,11.0
60.0,94.0,35.7,71.0,100.0,12.0
60.0,95.0,35.7,71.0,100.0,12.0
60.0,93.0,35.7,71.0,100.0,12.0
60.0,93.0,35.7,71.0,100.0,12.0
60.0,93.0,35.7,72.0,100.0,12.0
60.0,92.0,35.7,72.0,100.0,11.0
61.0,93.0,35.7,71.0,100.0,11.0
60.0,92.0,35.7,72.0,100.0,12.0
60.0,92.0,35.7,72.0,100.0,12.0
61.0,93.0,35.7,72.0,100.0,12.0
60.0,92.0,35.7,72.0,100.0,11.0
61.0,93.0,35.7,72.0,100.0,11.0
61.0,92.0,35.7,73.0,100.0,11.0
61.0,93.0,35.7,73.0,100.0,11.0
61.0,93.0,35.7,73.0,100.0,11.0
61.0,91.0,35.7,73.0,100.0,12.0
62.0,92.0,35.7,73.0,100.0,12.0
62.0,91.0,35.7,73.0,100.0,12.0
63.0,91.0,35.7,73.0,100.0,11.0
64.0,91.0,35.7,73.0,100.0,11.0
64.0,90.0,35.7,73.0,99.0,12.0
65.0,91.0,35.7,74.0,99.0,12.0
65.0,90.0,35.7,74.0,99.0,12.0
65.0,90.0,35.7,74.0,99.0,12.0
65.0,91.0,35.7,75.0,99.0,12.0
66.0,91.0,35.7,75.0,99.0,11.0
66.0,92.0,35.7,75.0,99.0,11.0
66.0,91.0,35.7,75.0,99.0,11.0
67.0,91.0,35.7,74.0,99.0,11.0
66.0,91.0,35.7,74.0,100.0,11.0
66.0,90.0,35.7,74.0,99.0,11.0
67.0,91.0,35.7,74.0,99.0,11.0
67.0,90.0,35.7,75.0,99.0,12.0
68.0,89.0,35.7,74.0,99.0,12.0
68.0,89.0,35.7,75.0,99.0,12.0
68.0,88.0,35.7,75.0,99.0,12.0
69.0,88.0,35.7,75.0,99.0,12.0
69.0,88.0,35.7,75.0,99.0,12.0
69.0,88.0,35.7,75.0,99.0,12.0
69.0,88.0,35.7,75.0,99.0,12.0
70.0,87.0,35.7,75.0,99.0,12.0
70.0,88.0,35.7,75.0,99.0,12.0
70.0,87.0,35.7,74.0,99.0,12.0
70.0,87.0,35.7,74.0,99.0,12.0
70.0,87.0,35.7,75.0,99.0,12.0
70.0,87.0,35.7,75.0,99.0,11.0
70.0,88.0,35.7,75.0,99.0,11.0
70.0,87.0,35.7,76.0,99.0,12.0
71.0,88.0,35.7,76.0,99.0,12.0
71.0,88.0,35.7,76.0,99.0,12.0
71.0,87.0,35.7,75.0,99.0,11.0
71.0,88.0,35.7,75.0,99.0,11.0
72.0,89.0,35.7,76.0,99.0,11.0
73.0,91.0,35.7,75.0,99.0,11.0
73.0,93.0,35.7,75.0,99.0,11.0
74.0,93.0,35.7,74.0,99.0,12.0
75.0,96.0,35.7,73.0,99.0,12.0
75.0,96.0,35.7,73.0,99.0,12.0
76.0,97.0,35.7,73.0,99.0,12.0
75.0,98.0,35.7,73.0,99.0,12.0
75.0,97.0,35.7,72.0,99.0,12.0
75.0,97.0,35.7,72.0,99.0,12.0
74.0,95.0,35.7,72.0,99.0,12.0
74.0,94.0,35.7,71.0,99.0,12.0
73.0,93.0,35.7,72.0,99.0,12.0
73.0,92.0,35.7,72.0,99.0,12.0
73.0,92.0,35.7,72.0,99.0,12.0
73.0,91.0,35.7,72.0,100.0,12.0
73.0,91.0,35.7,72.0,100.0,11.0
72.0,91.0,35.7,72.0,100.0,11.0
71.0,91.0,35.7,72.0,100.0,11.0
70.0,92.0,35.7,72.0,100.0,11.0
70.0,91.0,35.7,72.0,100.0,12.0
70.0,91.0,35.7,72.0,100.0,12.0
69.0,91.0,35.7,71.0,100.0,12.0
72.0,89.0,35.7,71.0,100.0,12.0
70.0,89.0,35.7,71.0,100.0,12.0
69.0,90.0,35.7,72.0,100.0,12.0
70.0,90.0,35.7,72.0,100.0,12.0
69.0,90.0,35.7,72.0,100.0,12.0
71.0,88.0,35.7,72.0,100.0,12.0
52.0,90.0,35.7,72.0,100.0,12.0
52.0,83.0,35.7,73.0,100.0,11.0
47.0,84.0,35.7,72.0,100.0,11.0
44.0,70.0,35.7,72.0,100.0,11.0
,,35.7,72.0,99.0,11.0
,,35.7,72.0,99.0,11.0
,,35.7,73.0,99.0,11.0
,,35.7,72.0,99.0,11.0
,,35.7,73.0,99.0,11.0
,,35.7,73.0,99.0,11.0
,,35.7,73.0,99.0,11.0
,,35.7,73.0,99.0,12.0
,,35.7,73.0,99.0,12.0
,,35.7,73.0,99.0,12.0
,,35.7,73.0,100.0,12.0
,,35.7,73.0,100.0,12.0
,,35.7,73.0,100.0,12.0
,,35.7,74.0,100.0,12.0
,,35.7,74.0,100.0,12.0
,,35.7,74.0,100.0,12.0
,,35.7,74.0,100.0,12.0
,,35.7,74.0,100.0,12.0
,,35.7,74.0,100.0,12.0
,,35.7,75.0,100.0,12.0
,,35.7,75.0,100.0,11.0
,,35.7,75.0,100.0,11.0
,,35.7,75.0,100.0,11.0
,,35.7,74.0,100.0,11.0
,,35.7,74.0,100.0,11.0
,,35.7,74.0,100.0,11.0
,,35.7,74.0,100.0,11.0
,,35.7,74.0,100.0,11.0
,,35.7,74.0,100.0,11.0
,,35.7,75.0,99.0,11.0
,,35.7,75.0,99.0,11.0
,,35.7,75.0,99.0,12.0
,,35.7,75.0,99.0,11.0
,,35.7,75.0,99.0,11.0
,,35.7,76.0,99.0,11.0
,,35.7,76.0,100.0,11.0
,,35.7,75.0,100.0,11.0
,,35.7,76.0,100.0,11.0
,,35.7,75.0,100.0,12.0
,,35.7,76.0,100.0,12.0
,,35.7,76.0,100.0,12.0
,,35.7,76.0,100.0,12.0
,,35.7,75.0,100.0,12.0
,,35.7,75.0,100.0,12.0
,,35.7,74.0,100.0,12.0
,,35.7,75.0,100.0,12.0
,,35.7,75.0,100.0,12.0
,,35.7,75.0,100.0,12.0
,,35.7,75.0,100.0,12.0
,,35.7,75.0,99.0,12.0
,,35.7,75.0,100.0,11.0
,,35.7,75.0,100.0,11.0
,,35.7,76.0,100.0,11.0
,,35.7,76.0,100.0,11.0
,,35.7,76.0,100.0,11.0
,,35.7,75.0,100.0,12.0
,,35.7,74.0,100.0,12.0
,,35.7,72.0,100.0,12.0
,,35.7,71.0,100.0,11.0
,,35.7,72.0,100.0,11.0
,,35.7,73.0,100.0,12.0
,,35.7,75.0,100.0,12.0
,,35.7,76.0,100.0,12.0
,,35.7,76.0,100.0,12.0
,,35.7,77.0,100.0,12.0
,,35.7,77.0,100.0,11.0
,,35.7,76.0,100.0,11.0
,,35.7,76.0,100.0,11.0
,,35.7,75.0,100.0,12.0
,,35.7,76.0,100.0,12.0
,,35.7,76.0,100.0,12.0
,,35.7,76.0,100.0,13.0
,,35.7,77.0,100.0,13.0
,,35.7,76.0,100.0,15.0
,,35.7,77.0,100.0,16.0
,,35.7,77.0,100.0,16.0
,,35.7,77.0,100.0,16.0
,,35.7,77.0,100.0,15.0
,,35.7,77.0,100.0,15.0
,,35.7,77.0,100.0,14.0
,,35.7,77.0,100.0,13.0
,,35.7,77.0,100.0,14.0
,,35.7,77.0,100.0,20.0
,,35.7,77.0,100.0,20.0
,,35.7,77.0,100.0,34.0
,,35.7,77.0,100.0,37.0
,,35.7,76.0,100.0,37.0
,,35.7,75.0,100.0,35.0
,,35.7,75.0,100.0,32.0
,,35.7,76.0,100.0,22.0
,,35.7,78.0,100.0,20.0
,,35.7,80.0,100.0,18.0
,,35.7,80.0,100.0,16.0
,,35.7,80.0,100.0,16.0
,,35.7,79.0,100.0,16.0
,,35.7,79.0,100.0,13.0
,,35.7,79.0,100.0,13.0
,,35.7,79.0,100.0,13.0
,,35.7,79.0,100.0,13.0
,,35.7,80.0,100.0,12.0
,,35.7,80.0,100.0,12.0
,,35.7,80.0,100.0,12.0
,,35.7,80.0,100.0,12.0
,,35.7,80.0,100.0,12.0
,,35.7,80.0,100.0,12.0
,,35.7,80.0,100.0,11.0
,,35.7,79.0,100.0,13.0
,,35.7,79.0,100.0,17.0
,,35.7,78.0,100.0,18.0
,,35.7,78.0,100.0,16.0
,,35.7,79.0,100.0,15.0
,,35.7,79.0,100.0,15.0
,,35.7,79.0,100.0,16.0
,,35.7,79.0,100.0,15.0
,,35.7,79.0,99.0,15.0
,,35.7,79.0,99.0,13.0
,,35.7,78.0,100.0,13.0
,,35.7,79.0,100.0,11.0
,,35.7,78.0,100.0,11.0
,,35.7,79.0,100.0,11.0
,,35.7,79.0,100.0,11.0
,,35.7,79.0,100.0,11.0
,,35.7,79.0,100.0,12.0
,,35.7,78.0,100.0,12.0
,,35.7,78.0,100.0,12.0
,,35.7,78.0,100.0,11.0
,,35.7,78.0,100.0,11.0
,,35.7,79.0,100.0,12.0
,,35.7,79.0,100.0,12.0
,,35.7,79.0,100.0,12.0
,,35.7,79.0,100.0,12.0
,,35.7,79.0,99.0,12.0
,,35.7,79.0,99.0,12.0
,,35.7,79.0,99.0,12.0
,,35.7,79.0,99.0,12.0
,,35.7,79.0,99.0,11.0
,,35.7,79.0,99.0,11.0
,,35.7,78.0,99.0,12.0
,,35.7,77.0,99.0,12.0
,,35.7,77.0,99.0,12.0
,,35.7,78.0,99.0,12.0
,,35.7,78.0,99.0,12.0
,,35.7,79.0,100.0,11.0
,,35.7,79.0,100.0,11.0
,,35.7,80.0,99.0,11.0
,,35.7,79.0,99.0,12.0
,,35.7,79.0,99.0,12.0
,,35.7,80.0,99.0,11.0
,,35.7,79.0,99.0,11.0
,,35.7,78.0,99.0,11.0
,,35.7,78.0,99.0,11.0
,,35.7,79.0,99.0,11.0
,,35.7,80.0,99.0,12.0
,,35.7,80.0,99.0,12.0
,,35.7,80.0,99.0,12.0
,,35.7,80.0,99.0,11.0
,,35.7,80.0,99.0,11.0
,,35.7,80.0,99.0,11.0
,,35.7,80.0,99.0,11.0
,,35.7,80.0,99.0,11.0
,,35.7,80.0,99.0,11.0
,,35.7,80.0,99.0,11.0
,,35.7,80.0,99.0,11.0
,,35.7,80.0,99.0,11.0
,,35.7,80.0,99.0,11.0
,,35.7,80.0,99.0,11.0
,,35.7,79.0,99.0,11.0
,,35.7,79.0,99.0,11.0
,,35.7,79.0,99.0,11.0
,,35.7,80.0,99.0,11.0
,,35.7,80.0,99.0,11.0
,,35.7,81.0,99.0,11.0
,,35.7,81.0,99.0,11.0
,,35.7,80.0,99.0,11.0
,,35.7,80.0,100.0,11.0
,,35.7,79.0,99.0,11.0
,,35.7,79.0,99.0,11.0
,,35.7,79.0,99.0,11.0
,,35.7,80.0,99.0,11.0
,,35.7,80.0,99.0,11.0
,,35.7,81.0,99.0,12.0
,,35.7,81.0,99.0,12.0
,,35.7,81.0,99.0,12.0
,,35.7,80.0,99.0,12.0
,,35.7,80.0,99.0,12.0
,,35.7,78.0,99.0,11.0
,,35.7,78.0,99.0,11.0
,,35.7,78.0,99.0,12.0
,,35.7,80.0,99.0,12.0
,,35.7,81.0,99.0,12.0
,,35.7,81.0,100.0,11.0
,,35.7,81.0,100.0,11.0
,,35.7,81.0,99.0,11.0
,,35.7,81.0,99.0,11.0
,,35.7,81.0,99.0,11.0
,,35.7,81.0,99.0,12.0
,,35.7,80.0,99.0,12.0
,,35.7,81.0,99.0,11.0
,,35.7,80.0,99.0,11.0
,,35.7,80.0,99.0,11.0
,,35.7,80.0,99.0,12.0
,,35.7,80.0,99.0,12.0
,,35.7,80.0,99.0,12.0
,,35.7,80.0,99.0,11.0
,,35.7,80.0,99.0,11.0
,,35.7,80.0,99.0,11.0
,,35.7,80.0,99.0,11.0
,,35.7,80.0,100.0,12.0
,,35.7,79.0,100.0,12.0
,,35.7,79.0,99.0,12.0
,,35.7,79.0,99.0,11.0
,,35.7,79.0,99.0,11.0
,,35.7,80.0,99.0,11.0
,,35.7,79.0,99.0,12.0
,,35.7,79.0,99.0,12.0
,,35.7,79.0,99.0,11.0
,,35.7,79.0,99.0,11.0
,,35.7,79.0,99.0,11.0
,,35.7,78.0,99.0,11.0
,,35.7,78.0,100.0,11.0
,,35.7,79.0,100.0,11.0
,,35.7,79.0,100.0,11.0
,,35.7,79.0,100.0,11.0
,,35.7,79.0,100.0,128.0
,,35.7,80.0,100.0,77.0
,,35.7,79.0,100.0,55.0
,,35.7,79.0,100.0,43.0
,,35.7,79.0,100.0,34.0
,,35.7,78.0,100.0,26.0
,,35.7,79.0,100.0,21.0
,,35.7,79.0,100.0,19.0
,,35.7,78.0,100.0,19.0
,,35.7,79.0,100.0,16.0
,,35.7,78.0,100.0,16.0
,,35.7,79.0,100.0,15.0
,,35.7,79.0,100.0,15.0
,,35.7,79.0,100.0,15.0
,,35.7,79.0,100.0,17.0
,,35.7,78.0,100.0,17.0
,,35.7,79.0,100.0,18.0
,,35.7,79.0,100.0,18.0
,,35.7,79.0,100.0,22.0
,,35.7,79.0,100.0,22.0
,,35.7,78.0,100.0,22.0
,,35.7,78.0,100.0,20.0
,,35.7,78.0,100.0,18.0
,,35.7,79.0,100.0,18.0
,,35.7,80.0,100.0,15.0
,,35.7,80.0,100.0,15.0
,,35.7,80.0,100.0,13.0
,,35.7,80.0,100.0,12.0
,,35.7,80.0,100.0,12.0
,,35.7,80.0,100.0,11.0
,,35.7,79.0,100.0,11.0
,,35.7,80.0,100.0,11.0
,,35.7,80.0,100.0,12.0
,,35.7,80.0,100.0,12.0
,,35.7,80.0,100.0,12.0
,,35.7,80.0,100.0,11.0
,,35.7,80.0,100.0,11.0
,,35.7,80.0,100.0,11.0
,,35.7,80.0,100.0,11.0
,,35.7,80.0,100.0,12.0
,,35.7,80.0,100.0,12.0
,,35.7,80.0,100.0,12.0
,,35.7,80.0,100.0,11.0
,,35.7,80.0,100.0,11.0
,,35.7,81.0,100.0,11.0
,,35.7,80.0,99.0,11.0
,,35.7,80.0,99.0,11.0
,,35.7,81.0,99.0,12.0
,,35.7,80.0,99.0,12.0
,,35.7,80.0,99.0,12.0
,,35.7,80.0,100.0,12.0
,,35.7,80.0,100.0,11.0
,,35.7,80.0,100.0,11.0
,,35.7,80.0,99.0,11.0
,,35.7,80.0,100.0,11.0
,,35.7,80.0,100.0,11.0
,,35.7,80.0,100.0,12.0
,,35.7,80.0,100.0,12.0
,,35.7,80.0,100.0,12.0
,,35.7,80.0,99.0,12.0
,,35.7,80.0,99.0,12.0
,,35.7,80.0,99.0,12.0
,,35.7,80.0,99.0,12.0
,,35.7,80.0,99.0,12.0
,,35.7,80.0,99.0,11.0
,,35.7,80.0,99.0,11.0
,,35.7,80.0,99.0,11.0
,,35.7,80.0,99.0,11.0
,,35.7,80.0,99.0,11.0
,,35.7,80.0,99.0,11.0
,,35.7,79.0,99.0,11.0
,,35.7,80.0,99.0,11.0
,,35.7,80.0,99.0,11.0
,,35.7,80.0,99.0,11.0
,,35.7,80.0,99.0,12.0
,,35.7,80.0,99.0,12.0
,,35.7,81.0,99.0,12.0
,,35.7,81.0,99.0,11.0
,,35.7,81.0,99.0,11.0
,,35.7,81.0,99.0,11.0
,,35.7,81.0,99.0,11.0
,,35.600002,80.0,99.0,12.0
,,35.7,80.0,99.0,12.0
,,35.7,80.0,99.0,12.0
,,35.7,80.0,99.0,11.0
,,35.7,80.0,99.0,11.0
,,35.7,80.0,99.0,11.0
,,35.7,80.0,99.0,11.0
,,35.7,80.0,99.0,11.0
,,35.7,80.0,99.0,11.0
,,35.7,79.0,99.0,11.0
,,35.7,80.0,99.0,11.0
,,35.7,80.0,99.0,12.0
,,35.7,80.0,99.0,12.0
,,35.7,80.0,99.0,12.0
,,35.7,80.0,99.0,12.0
,,35.7,80.0,99.0,12.0
,,35.600002,80.0,99.0,11.0
,,35.600002,80.0,99.0,11.0
,,35.7,80.0,99.0,11.0
,,35.7,80.0,99.0,11.0
,,35.600002,80.0,99.0,11.0
,,35.7,80.0,99.0,11.0
,,35.600002,80.0,99.0,11.0
,,35.7,81.0,99.0,11.0
,,35.600002,80.0,99.0,11.0
,,35.7,81.0,99.0,11.0
,,35.7,81.0,99.0,12.0
,,35.600002,81.0,99.0,12.0
,,35.600002,81.0,99.0,12.0
,,35.600002,81.0,99.0,12.0
,,35.600002,81.0,99.0,12.0
,,35.600002,81.0,99.0,12.0
,,35.600002,81.0,99.0,12.0
,,35.600002,81.0,99.0,12.0
,,35.600002,81.0,99.0,12.0
,,35.600002,81.0,99.0,12.0
,,35.600002,81.0,99.0,12.0
,,35.600002,81.0,99.0,12.0
,,35.600002,81.0,99.0,12.0
,,35.600002,81.0,99.0,12.0
,,35.600002,81.0,99.0,12.0
,,35.600002,81.0,99.0,11.0
,,35.600002,81.0,99.0,11.0
,,35.600002,81.0,99.0,11.0
,,35.600002,81.0,99.0,11.0
,,35.600002,81.0,99.0,11.0
,,35.600002,81.0,99.0,12.0
,,35.600002,81.0,99.0,12.0
,,35.600002,82.0,99.0,12.0
,,35.600002,82.0,99.0,12.0
,,35.600002,82.0,99.0,12.0
,,35.600002,82.0,99.0,12.0
,,35.600002,82.0,99.0,12.0
,,35.600002,82.0,99.0,12.0
,,35.600002,81.0,100.0,12.0
,,35.600002,81.0,100.0,12.0
,,35.600002,81.0,100.0,11.0
,,35.600002,81.0,100.0,11.0
,,35.600002,82.0,100.0,11.0
,,35.600002,82.0,100.0,11.0
,,35.600002,82.0,99.0,11.0
,,35.600002,82.0,99.0,11.0
,,35.600002,82.0,99.0,11.0
,,35.600002,82.0,99.0,12.0
,,35.600002,81.0,99.0,12.0
,,35.600002,82.0,99.0,12.0
,,35.600002,82.0,99.0,12.0
,,35.600002,82.0,99.0,12.0
,,35.600002,82.0,99.0,12.0
,,35.600002,82.0,99.0,12.0
,,35.600002,82.0,99.0,12.0
,,35.600002,83.0,99.0,12.0
,,35.600002,83.0,99.0,12.0
,,35.600002,83.0,99.0,12.0
,,35.600002,82.0,99.0,12.0
,,35.600002,82.0,99.0,12.0
,,35.600002,82.0,99.0,11.0
,,35.600002,82.0,99.0,11.0
,,35.600002,82.0,99.0,11.0
,,35.600002,81.0,99.0,11.0
,,35.600002,82.0,99.0,11.0
,,35.600002,82.0,99.0,11.0
,,35.600002,82.0,99.0,11.0
,,35.600002,82.0,99.0,11.0
,,35.600002,82.0,99.0,11.0
,,35.600002,82.0,99.0,11.0
,,35.600002,82.0,99.0,11.0
,,35.600002,82.0,99.0,11.0
,,35.600002,82.0,99.0,11.0
,,35.600002,81.0,99.0,11.0
,,35.600002,81.0,99.0,11.0
,,35.600002,81.0,99.0,12.0
,,35.600002,81.0,100.0,12.0
,,35.600002,82.0,100.0,12.0
,,35.600002,82.0,100.0,12.0
,,35.600002,82.0,100.0,12.0
,,35.600002,82.0,100.0,12.0
,,35.600002,82.0,100.0,12.0
,,35.600002,82.0,100.0,12.0
,,35.600002,82.0,100.0,12.0
,,35.600002,82.0,100.0,12.0
,,35.600002,82.0,100.0,11.0
,,35.600002,82.0,100.0,11.0
,,35.600002,82.0,100.0,11.0
,,35.600002,82.0,100.0,11.0
,,35.600002,82.0,100.0,11.0
,,35.600002,82.0,100.0,11.0
,,35.600002,82.0,100.0,11.0
,,35.600002,82.0,100.0,11.0
,,35.600002,82.0,100.0,11.0
,,35.600002,82.0,100.0,11.0
,,35.600002,82.0,100.0,11.0
,,35.600002,82.0,100.0,11.0
,,35.600002,82.0,100.0,12.0
,,35.600002,82.0,100.0,12.0
,,35.600002,82.0,100.0,12.0
,,35.600002,82.0,100.0,12.0
,,35.600002,82.0,100.0,12.0
,,35.600002,83.0,100.0,12.0
,,35.600002,82.0,100.0,11.0
,,35.600002,82.0,100.0,11.0
,,35.600002,82.0,100.0,12.0
,,35.600002,82.0,100.0,12.0
,,35.600002,82.0,100.0,11.0
,,35.600002,82.0,100.0,11.0
,,35.600002,82.0,100.0,11.0
,,35.600002,82.0,100.0,11.0
,,35.600002,82.0,100.0,11.0
,,35.600002,82.0,100.0,11.0
,,35.600002,82.0,100.0,12.0
,,35.600002,82.0,100.0,12.0
,,35.600002,82.0,100.0,11.0
,,35.600002,82.0,100.0,11.0
,,35.600002,83.0,100.0,12.0
,,35.600002,82.0,100.0,12.0
,,35.600002,82.0,100.0,12.0
,,35.600002,83.0,100.0,11.0
,,35.600002,82.0,99.0,11.0
,,35.600002,82.0,99.0,11.0
,,35.600002,82.0,100.0,12.0
,,35.600002,83.0,100.0,12.0
,,35.600002,83.0,99.0,11.0
,,35.600002,83.0,99.0,11.0
,,35.600002,83.0,99.0,11.0
,,35.600002,82.0,99.0,11.0
,,35.600002,83.0,99.0,11.0
,,35.600002,83.0,99.0,12.0
,,35.600002,83.0,100.0,12.0
,,35.600002,83.0,100.0,12.0
,,35.600002,83.0,100.0,11.0
,,35.600002,83.0,100.0,11.0
,,35.600002,83.0,100.0,11.0
,,35.600002,83.0,100.0,11.0
,,35.600002,83.0,100.0,12.0
,,35.600002,83.0,100.0,12.0
,,35.600002,83.0,100.0,12.0
,,35.600002,82.0,100.0,11.0
,,35.600002,82.0,100.0,11.0
,,35.600002,82.0,100.0,11.0
,,35.600002,82.0,100.0,11.0
,,35.600002,82.0,100.0,11.0
,,35.600002,82.0,100.0,12.0
,,35.600002,82.0,100.0,12.0
,,35.600002,82.0,100.0,11.0
,,35.600002,82.0,100.0,11.0
,,35.600002,82.0,100.0,11.0
,,35.600002,82.0,100.0,11.0
,,35.600002,82.0,99.0,11.0
,,35.600002,82.0,99.0,11.0
,,35.600002,82.0,99.0,11.0
,,35.600002,82.0,99.0,11.0
,,35.600002,82.0,99.0,11.0
,,35.600002,82.0,99.0,11.0
,,35.600002,82.0,99.0,12.0
,,35.600002,82.0,99.0,12.0
,,35.600002,82.0,99.0,12.0
,,35.600002,82.0,99.0,12.0
,,35.600002,82.0,99.0,12.0
,,35.600002,82.0,100.0,12.0
,,35.600002,81.0,100.0,12.0
,,35.600002,81.0,100.0,12.0
,,35.600002,80.0,100.0,12.0
,,35.600002,80.0,100.0,12.0
,,35.600002,81.0,100.0,11.0
,,35.600002,82.0,100.0,11.0
,,35.600002,82.0,100.0,11.0
,,35.600002,82.0,100.0,12.0
,,35.600002,81.0,100.0,12.0
,,35.600002,81.0,100.0,11.0
,,35.5,81.0,100.0,11.0
,,35.5,82.0,100.0,11.0
,,35.5,82.0,100.0,12.0
,,35.5,82.0,100.0,12.0
,,35.5,82.0,100.0,12.0
,,35.5,81.0,100.0,12.0
,,35.5,82.0,100.0,12.0
,,35.5,82.0,100.0,11.0
,,35.5,82.0,100.0,11.0
,,35.5,82.0,100.0,11.0
,,35.600002,81.0,100.0,12.0
,,35.600002,81.0,100.0,12.0
,,35.600002,81.0,100.0,12.0
,,35.600002,80.0,100.0,11.0
,,35.600002,79.0,100.0,11.0
,,35.600002,78.0,100.0,12.0
,,35.600002,77.0,100.0,12.0
,,35.600002,77.0,100.0,11.0
,,35.600002,77.0,100.0,11.0
,,35.600002,78.0,100.0,11.0
,,35.600002,78.0,100.0,12.0
,,35.600002,79.0,100.0,12.0
,,35.600002,79.0,100.0,12.0
,,35.600002,80.0,100.0,12.0
,,35.600002,81.0,100.0,12.0
,,35.600002,81.0,100.0,11.0
,,35.600002,81.0,100.0,11.0
,,35.600002,80.0,100.0,12.0
,,35.600002,80.0,100.0,12.0
,,35.600002,80.0,100.0,12.0
,,35.600002,79.0,100.0,11.0
,,35.600002,79.0,100.0,11.0
,,35.600002,79.0,100.0,11.0
,,35.600002,79.0,100.0,11.0
,,35.600002,79.0,100.0,11.0
,,35.600002,79.0,100.0,12.0
,,35.600002,79.0,100.0,12.0
,,35.600002,78.0,100.0,12.0
,,35.600002,78.0,100.0,11.0
,,35.600002,79.0,100.0,12.0
,,35.5,79.0,100.0,12.0
,,35.5,80.0,100.0,12.0
,,35.5,79.0,100.0,12.0
,,35.5,79.0,100.0,12.0
,,35.5,79.0,100.0,12.0
,,35.600002,79.0,100.0,12.0
,,35.5,78.0,100.0,12.0
,,35.5,78.0,100.0,12.0
,,35.5,79.0,100.0,12.0
,,35.5,80.0,100.0,11.0
,,35.5,79.0,100.0,11.0
,,35.5,79.0,100.0,11.0
,,35.5,79.0,100.0,11.0
,,35.5,80.0,100.0,11.0
,,35.5,80.0,100.0,11.0
,,35.5,80.0,100.0,11.0
,,35.5,80.0,100.0,11.0
,,35.5,80.0,100.0,11.0
,,35.5,79.0,100.0,11.0
,,35.5,79.0,100.0,12.0
,,35.5,79.0,100.0,12.0
,,35.5,79.0,100.0,12.0
,,35.5,78.0,100.0,12.0
,,35.5,78.0,100.0,12.0
,,35.5,79.0,100.0,12.0
,,35.5,79.0,100.0,12.0
,,35.5,79.0,100.0,12.0
,,35.5,80.0,100.0,12.0
,,35.5,80.0,100.0,12.0
,,35.5,80.0,100.0,12.0
,,35.5,80.0,100.0,12.0
,,35.5,79.0,100.0,12.0
,,35.5,79.0,100.0,12.0
,,35.5,80.0,100.0,12.0
,,35.5,80.0,100.0,11.0
,,35.5,80.0,100.0,11.0
,,35.5,80.0,100.0,11.0
,,35.5,80.0,100.0,12.0
,,35.5,79.0,100.0,12.0
,,35.5,80.0,100.0,11.0
,,35.5,80.0,99.0,11.0
,,35.5,80.0,99.0,11.0
,,35.5,80.0,99.0,11.0
,,35.5,81.0,99.0,11.0
,,35.5,81.0,99.0,11.0
,,35.5,80.0,99.0,12.0
,,35.5,79.0,99.0,12.0
,,35.5,79.0,100.0,11.0
,,35.5,79.0,100.0,11.0
,,35.5,80.0,100.0,12.0
,,35.600002,80.0,100.0,12.0
,,35.600002,81.0,100.0,12.0
,,35.600002,81.0,100.0,11.0
,,35.5,81.0,100.0,11.0
,,35.5,81.0,100.0,11.0
,,35.5,80.0,100.0,11.0
,,35.5,80.0,100.0,11.0
,,35.5,80.0,100.0,11.0
,,35.5,81.0,100.0,11.0
,,35.5,81.0,100.0,12.0
,,35.600002,80.0,100.0,12.0
,,35.600002,80.0,100.0,12.0
,,35.600002,80.0,100.0,12.0
,,35.600002,81.0,100.0,11.0
,,35.600002,82.0,100.0,11.0
,,35.600002,82.0,100.0,11.0
,,35.600002,81.0,100.0,11.0
,,35.600002,81.0,100.0,12.0
,,35.600002,81.0,100.0,12.0
,,35.600002,80.0,100.0,12.0
,,35.600002,80.0,100.0,12.0
,,35.600002,80.0,100.0,12.0
,,35.600002,80.0,100.0,11.0
,,35.600002,79.0,100.0,11.0
,,35.600002,79.0,100.0,11.0
,,35.600002,79.0,100.0,11.0
,,35.600002,80.0,100.0,11.0
,,35.600002,80.0,100.0,12.0
,,35.600002,81.0,100.0,12.0
,,35.600002,82.0,100.0,11.0
,,35.600002,81.0,100.0,11.0
,,35.600002,81.0,100.0,11.0
,,35.600002,81.0,100.0,11.0
,,35.600002,81.0,100.0,11.0
,,35.600002,81.0,100.0,11.0
,,35.600002,81.0,100.0,11.0
,,35.600002,82.0,100.0,11.0
,,35.600002,82.0,100.0,11.0
,,35.600002,82.0,100.0,11.0
,,35.600002,83.0,100.0,11.0
,,35.600002,82.0,100.0,11.0
,,35.600002,82.0,100.0,11.0
,,35.600002,82.0,100.0,11.0
,,35.600002,82.0,100.0,11.0
,,35.600002,82.0,100.0,11.0
,,35.600002,82.0,100.0,11.0
,,35.600002,82.0,100.0,11.0
,,35.600002,82.0,100.0,12.0
,,35.600002,82.0,100.0,12.0
,,35.600002,82.0,100.0,12.0
,,35.600002,82.0,100.0,12.0
,,35.600002,82.0,100.0,12.0
,,35.600002,82.0,99.0,12.0
,,35.600002,83.0,99.0,12.0
,,35.600002,83.0,99.0,12.0
,,35.600002,83.0,100.0,11.0
,,35.600002,83.0,100.0,11.0
,,35.600002,82.0,100.0,11.0
,,35.600002,82.0,100.0,11.0
,,35.5,82.0,100.0,11.0
,,35.5,82.0,100.0,11.0
,,35.5,83.0,100.0,11.0
,,35.5,82.0,100.0,11.0
,,35.5,82.0,100.0,11.0
,,35.5,82.0,100.0,12.0
,,35.5,82.0,100.0,12.0
,,35.5,83.0,100.0,12.0
,,35.5,83.0,100.0,11.0
,,35.5,82.0,100.0,11.0
,,35.5,82.0,100.0,11.0
,,35.600002,82.0,100.0,11.0
,,35.600002,83.0,100.0,11.0
,,35.600002,82.0,100.0,11.0
,,35.600002,82.0,100.0,11.0
,,35.600002,82.0,100.0,12.0
,,35.600002,82.0,100.0,12.0
,,35.600002,82.0,100.0,12.0
,,35.600002,83.0,100.0,11.0
,,35.600002,83.0,100.0,11.0
,,35.600002,82.0,100.0,11.0
,,35.600002,82.0,100.0,11.0
,,35.600002,82.0,100.0,11.0
,,35.600002,82.0,100.0,12.0
,,35.600002,82.0,100.0,12.0
,,35.600002,82.0,100.0,11.0
,,35.600002,81.0,100.0,11.0
,,35.600002,81.0,100.0,11.0
,,35.600002,81.0,100.0,12.0
,,35.600002,77.0,100.0,12.0
,,35.600002,75.0,100.0,12.0
,,35.600002,74.0,100.0,12.0
,,35.600002,76.0,100.0,12.0
,,35.600002,78.0,100.0,12.0
,,35.600002,79.0,100.0,12.0
,,35.600002,80.0,100.0,12.0
,,35.600002,81.0,100.0,11.0
,,35.600002,81.0,100.0,11.0
,,35.600002,81.0,100.0,12.0
,,35.600002,80.0,100.0,12.0
,,35.600002,80.0,100.0,12.0
,,35.600002,80.0,100.0,12.0
,,35.600002,80.0,100.0,17.0
,,35.600002,80.0,100.0,34.0
,,35.600002,81.0,100.0,34.0
,,35.600002,81.0,100.0,37.0
,,35.600002,82.0,100.0,32.0
,,35.600002,82.0,100.0,25.0
,,35.600002,82.0,100.0,25.0
,,35.600002,82.0,100.0,20.0
,,35.600002,81.0,100.0,16.0
,,35.600002,81.0,100.0,16.0
,,35.600002,81.0,100.0,13.0
,,35.600002,81.0,100.0,13.0
,,35.600002,81.0,100.0,13.0
,,35.600002,81.0,100.0,11.0
,,35.600002,81.0,100.0,11.0
,,35.600002,82.0,100.0,11.0
,,35.600002,81.0,100.0,11.0
,,35.600002,82.0,100.0,11.0
,,35.600002,82.0,100.0,11.0
,,35.600002,82.0,100.0,11.0
,,35.600002,82.0,100.0,11.0
,,35.600002,82.0,100.0,11.0
,,35.600002,82.0,100.0,11.0
,,35.600002,82.0,100.0,12.0
,,35.600002,81.0,100.0,12.0
,,35.600002,81.0,100.0,12.0
,,35.600002,81.0,100.0,11.0
,,35.600002,82.0,100.0,11.0
,,35.600002,82.0,100.0,12.0
,,35.600002,82.0,100.0,12.0
,,35.600002,82.0,100.0,12.0
,,35.600002,82.0,100.0,12.0
,,35.600002,82.0,100.0,12.0
,,35.600002,82.0,100.0,12.0
,,35.600002,82.0,100.0,11.0
,,35.600002,82.0,100.0,11.0
,,35.600002,82.0,100.0,11.0
,,35.600002,82.0,100.0,12.0
,,35.600002,82.0,100.0,12.0
,,35.600002,82.0,100.0,11.0
,,35.600002,82.0,100.0,11.0
,,35.600002,82.0,100.0,11.0
,,35.600002,82.0,100.0,11.0
,,35.600002,82.0,100.0,11.0
,,35.600002,82.0,100.0,11.0
,,35.600002,83.0,100.0,11.0
,,35.600002,82.0,100.0,11.0
,,35.600002,82.0,100.0,11.0
,,35.600002,82.0,100.0,11.0
,,35.600002,82.0,100.0,11.0
,,35.600002,82.0,100.0,11.0
,,35.600002,82.0,100.0,11.0
,,35.600002,82.0,100.0,11.0
,,35.600002,82.0,100.0,12.0
,,35.600002,82.0,100.0,12.0
,,35.600002,82.0,100.0,12.0
,,35.600002,81.0,100.0,12.0
,,35.600002,82.0,100.0,12.0
,,35.600002,82.0,100.0,12.0
,,35.600002,82.0,100.0,12.0
,,35.600002,83.0,100.0,12.0
,,35.600002,83.0,100.0,12.0
,,35.600002,83.0,100.0,12.0
,,35.600002,83.0,100.0,11.0
,,35.600002,82.0,100.0,11.0
,,35.600002,83.0,100.0,11.0
,,35.600002,83.0,100.0,11.0
,,35.600002,83.0,100.0,11.0
,,35.600002,83.0,100.0,11.0
,,35.600002,82.0,100.0,11.0
,,35.600002,81.0,100.0,11.0
,,35.600002,77.0,100.0,12.0
,,35.600002,76.0,100.0,12.0
,,35.600002,76.0,100.0,12.0
,,35.600002,76.0,100.0,12.0
,,35.600002,75.0,100.0,12.0
,,35.600002,75.0,100.0,12.0
,,35.600002,78.0,100.0,12.0
,,35.600002,82.0,100.0,12.0
,,35.600002,84.0,100.0,11.0
,,35.600002,84.0,100.0,11.0
,,35.600002,84.0,100.0,11.0
,,35.600002,85.0,100.0,11.0
,,35.600002,85.0,100.0,11.0
,,35.600002,84.0,100.0,11.0
,,35.600002,81.0,100.0,11.0
,,35.600002,81.0,100.0,12.0
,,35.600002,79.0,100.0,12.0
,,35.600002,80.0,100.0,12.0
,,35.600002,81.0,100.0,12.0
,,35.600002,85.0,100.0,12.0
,,35.600002,86.0,100.0,11.0
,,35.600002,86.0,100.0,11.0
,,35.600002,86.0,100.0,11.0
,,35.600002,85.0,100.0,11.0
,,35.600002,85.0,100.0,11.0
,,35.600002,84.0,100.0,12.0
,,35.600002,84.0,100.0,12.0
,,35.600002,83.0,100.0,12.0
,,35.600002,82.0,100.0,11.0
,,35.600002,83.0,100.0,11.0
,,35.600002,85.0,100.0,12.0
,,35.600002,86.0,100.0,12.0
,,35.600002,85.0,100.0,12.0
,,35.600002,81.0,100.0,12.0
,,35.600002,79.0,100.0,12.0
,,35.600002,80.0,100.0,12.0
,,35.600002,84.0,100.0,12.0
,,35.600002,87.0,100.0,12.0
,,35.600002,86.0,100.0,12.0
,,35.600002,84.0,100.0,12.0
,,35.600002,83.0,100.0,11.0
,,35.600002,82.0,100.0,11.0
,,35.600002,79.0,100.0,11.0
,,35.600002,77.0,100.0,11.0
,,35.600002,79.0,100.0,11.0
,,35.600002,83.0,100.0,11.0
,,35.600002,86.0,100.0,11.0
,,35.600002,87.0,100.0,11.0
,,35.600002,87.0,100.0,11.0
,,35.600002,88.0,100.0,11.0
,,35.600002,86.0,100.0,12.0
,,35.600002,86.0,100.0,12.0
,,35.600002,87.0,100.0,12.0
,,35.600002,88.0,100.0,11.0
,,35.600002,89.0,100.0,11.0
,,35.600002,89.0,100.0,12.0
,,35.600002,89.0,100.0,12.0
,,35.600002,90.0,100.0,12.0
,,35.600002,91.0,100.0,11.0
,,35.600002,92.0,100.0,11.0
,,35.600002,93.0,100.0,11.0
,,35.600002,94.0,100.0,11.0
,,35.600002,95.0,100.0,11.0
,,35.600002,96.0,100.0,12.0
,,35.600002,96.0,99.0,12.0
,,35.600002,97.0,99.0,11.0
,,35.600002,98.0,99.0,11.0
,,35.600002,98.0,99.0,11.0
,,35.600002,99.0,99.0,12.0
,,35.600002,99.0,99.0,12.0
,,35.600002,99.0,99.0,12.0
,,35.600002,99.0,99.0,12.0
,,35.600002,99.0,99.0,12.0
,,35.600002,98.0,99.0,12.0
,,35.600002,98.0,99.0,12.0
,,35.600002,99.0,99.0,11.0
,,35.600002,100.0,99.0,11.0
,,35.600002,100.0,99.0,11.0
,,35.600002,101.0,99.0,12.0
,,35.600002,101.0,99.0,12.0
,,35.600002,101.0,99.0,11.0
,,35.600002,101.0,99.0,11.0
,,35.600002,101.0,99.0,12.0
,,35.600002,100.0,99.0,12.0
,,35.600002,100.0,99.0,12.0
,,35.600002,101.0,99.0,12.0
,,35.600002,101.0,99.0,12.0
,,35.600002,101.0,99.0,12.0
,,35.600002,100.0,99.0,12.0
,,35.600002,99.0,99.0,12.0
,,35.600002,99.0,99.0,22.0
,,35.600002,98.0,99.0,132.0
,,35.600002,98.0,99.0,67.0
,,35.600002,98.0,99.0,43.0
,,35.600002,98.0,99.0,36.0
,,35.600002,98.0,99.0,28.0
,,35.600002,98.0,99.0,24.0
,,35.600002,97.0,99.0,24.0
,,35.600002,97.0,99.0,49.0
,,35.600002,97.0,99.0,49.0
,,35.600002,97.0,99.0,51.0
,,35.600002,97.0,99.0,47.0
,,35.600002,97.0,99.0,63.0
,,35.600002,97.0,99.0,50.0
,,35.600002,96.0,99.0,46.0
,,35.600002,96.0,99.0,58.0
,,35.600002,95.0,99.0,47.0
,,35.600002,95.0,99.0,33.0
,,35.600002,95.0,99.0,23.0
,,35.600002,95.0,99.0,21.0
,,35.600002,95.0,99.0,21.0
,,35.600002,95.0,99.0,21.0
,,35.600002,95.0,99.0,23.0
,,35.600002,94.0,99.0,36.0
,,35.600002,94.0,99.0,42.0
,,35.600002,93.0,99.0,39.0
,,35.600002,93.0,99.0,29.0
,,35.600002,92.0,99.0,24.0
,,35.600002,93.0,99.0,24.0
,,35.600002,93.0,99.0,17.0
,,35.600002,93.0,99.0,16.0
,,35.600002,93.0,99.0,16.0
,,35.600002,93.0,99.0,13.0
,,35.600002,93.0,99.0,13.0
,,35.600002,92.0,99.0,13.0
,,35.600002,92.0,99.0,10.0
,,35.600002,92.0,99.0,10.0
,,35.600002,92.0,99.0,10.0
,,35.600002,92.0,99.0,11.0
,,35.600002,92.0,99.0,11.0
,,35.600002,92.0,99.0,12.0
,,35.600002,93.0,99.0,12.0
,,35.600002,92.0,99.0,12.0
,,35.600002,93.0,99.0,11.0
,,35.600002,93.0,99.0,11.0
,,35.600002,93.0,99.0,12.0
,,35.600002,93.0,99.0,12.0
,,35.600002,92.0,99.0,12.0
,,35.600002,92.0,99.0,12.0
,,35.600002,92.0,99.0,12.0
,,35.600002,92.0,99.0,11.0
,,35.600002,92.0,99.0,11.0
,,35.600002,92.0,99.0,11.0
,,35.600002,92.0,99.0,11.0
,,35.600002,92.0,99.0,11.0
,,35.600002,92.0,99.0,12.0
,,35.600002,92.0,99.0,12.0
,,35.600002,93.0,99.0,12.0
,,35.600002,93.0,99.0,12.0
,,35.600002,93.0,99.0,12.0
,,35.600002,92.0,99.0,12.0
,,35.600002,92.0,99.0,12.0
,,35.600002,92.0,99.0,12.0
,,35.600002,92.0,99.0,11.0
,,35.600002,92.0,99.0,11.0
,,35.600002,91.0,99.0,11.0
,,35.600002,91.0,99.0,11.0
,,35.600002,92.0,99.0,11.0
,,35.600002,92.0,99.0,11.0
,,35.600002,92.0,99.0,11.0
,,35.600002,92.0,99.0,11.0
,,35.600002,92.0,99.0,11.0
,,35.600002,92.0,99.0,12.0
,,35.600002,92.0,99.0,12.0
,,35.600002,92.0,99.0,12.0
,,35.600002,93.0,99.0,12.0
,,35.600002,93.0,99.0,11.0
,,35.600002,93.0,99.0,11.0
,,35.600002,93.0,99.0,11.0
,,35.600002,93.0,99.0,11.0
,,35.600002,93.0,99.0,12.0
,,35.600002,93.0,99.0,12.0
,,35.600002,93.0,99.0,11.0
,,35.600002,93.0,99.0,11.0
,,35.600002,93.0,99.0,11.0
,,35.600002,93.0,99.0,11.0
,,35.600002,93.0,99.0,12.0
,,35.600002,93.0,99.0,12.0
,,35.600002,92.0,99.0,12.0
,,35.600002,92.0,99.0,12.0
,,35.600002,92.0,99.0,11.0
,,35.600002,92.0,99.0,11.0
,,35.600002,92.0,99.0,11.0
,,35.600002,92.0,99.0,12.0
,,35.600002,92.0,99.0,12.0
,,35.600002,92.0,99.0,11.0
,,35.600002,93.0,99.0,11.0
,,35.600002,93.0,99.0,11.0
,,35.600002,93.0,99.0,11.0
,,35.600002,93.0,99.0,11.0
,,35.600002,92.0,99.0,12.0
,,35.600002,92.0,99.0,12.0
,,35.600002,92.0,99.0,12.0
,,35.600002,92.0,99.0,11.0
,,35.600002,92.0,99.0,11.0
,,35.600002,92.0,99.0,11.0
,,35.600002,92.0,99.0,11.0
,,35.600002,92.0,99.0,11.0
,,35.600002,92.0,99.0,12.0
,,35.600002,92.0,99.0,12.0
,,35.600002,90.0,99.0,12.0
,,35.600002,89.0,99.0,12.0
,,35.600002,89.0,99.0,12.0
,,35.600002,88.0,99.0,11.0
,,35.600002,88.0,99.0,11.0
,,35.600002,88.0,99.0,12.0
,,35.600002,89.0,99.0,12.0
,,35.600002,90.0,99.0,12.0
,,35.600002,92.0,99.0,11.0
,,35.600002,93.0,99.0,30.0
,,35.600002,93.0,100.0,109.0
,,35.600002,92.0,100.0,62.0
,,35.600002,92.0,100.0,39.0
,,35.600002,92.0,99.0,45.0
,,35.600002,92.0,100.0,62.0
,,35.600002,92.0,99.0,45.0
,,35.600002,93.0,99.0,32.0
,,35.600002,92.0,99.0,29.0
,,35.600002,89.0,99.0,25.0
,,35.600002,89.0,99.0,20.0
,,35.600002,89.0,99.0,20.0
,,35.600002,89.0,99.0,16.0
,,35.600002,87.0,99.0,14.0
,,35.600002,85.0,99.0,14.0
,,35.600002,87.0,99.0,12.0
,,35.600002,89.0,99.0,12.0
,,35.600002,89.0,100.0,12.0
,,35.600002,86.0,100.0,12.0
,,35.600002,85.0,100.0,12.0
,,35.600002,87.0,100.0,12.0
,,35.600002,89.0,100.0,10.0
,,35.600002,88.0,100.0,10.0
,,35.600002,87.0,100.0,11.0
,,35.600002,87.0,100.0,11.0
,,35.600002,86.0,100.0,11.0
,,35.600002,85.0,100.0,11.0
,,35.600002,79.0,100.0,11.0
,,35.600002,77.0,100.0,12.0
,,35.600002,76.0,100.0,16.0
,,35.600002,80.0,100.0,16.0
,,35.600002,83.0,100.0,17.0
,,35.600002,85.0,100.0,17.0
,,35.600002,86.0,100.0,16.0
,,35.600002,86.0,100.0,16.0
,,35.600002,87.0,100.0,15.0
,,35.600002,86.0,100.0,15.0
,,35.600002,83.0,100.0,15.0
,,35.600002,82.0,100.0,12.0
,,35.600002,83.0,100.0,12.0
,,35.600002,85.0,100.0,12.0
,,35.600002,86.0,100.0,14.0
,,35.600002,85.0,100.0,17.0
,,35.600002,84.0,100.0,26.0
,,35.600002,80.0,100.0,35.0
,,35.600002,77.0,100.0,29.0
,,35.600002,73.0,100.0,29.0
,,35.600002,74.0,100.0,24.0
,,35.600002,77.0,100.0,20.0
,,35.600002,83.0,100.0,20.0
,,35.600002,85.0,100.0,20.0
,,35.600002,86.0,100.0,14.0
,,35.600002,86.0,100.0,14.0
,,35.600002,86.0,100.0,12.0
,,35.600002,85.0,100.0,12.0
,,35.600002,86.0,100.0,12.0
,,35.600002,87.0,100.0,11.0
,,35.600002,87.0,100.0,11.0
,,35.600002,88.0,100.0,11.0
,,35.600002,88.0,100.0,11.0
,,35.600002,87.0,100.0,13.0
,,35.600002,87.0,100.0,14.0
,,35.600002,86.0,100.0,14.0
,,35.600002,87.0,99.0,15.0
,,35.600002,87.0,99.0,15.0
,,35.600002,86.0,100.0,19.0
,,35.600002,86.0,100.0,20.0
,,35.600002,94.0,100.0,19.0
,,35.600002,85.0,100.0,19.0
,,35.600002,86.0,100.0,21.0
,,35.600002,85.0,100.0,21.0
,,35.600002,84.0,100.0,19.0
,,35.600002,84.0,100.0,18.0
,,35.600002,86.0,100.0,16.0
,,35.600002,87.0,100.0,16.0
,,35.600002,87.0,100.0,14.0
,,35.600002,87.0,100.0,13.0
,,35.600002,86.0,100.0,13.0
,,35.600002,82.0,100.0,13.0
,,35.600002,78.0,100.0,12.0
,,35.600002,73.0,100.0,11.0
,,35.600002,71.0,100.0,11.0
,,35.600002,69.0,100.0,13.0
,,35.600002,74.0,100.0,18.0
,,35.600002,77.0,100.0,22.0
,,35.600002,80.0,100.0,27.0
,,35.600002,81.0,100.0,29.0
,,35.600002,81.0,100.0,28.0
,,35.600002,81.0,100.0,24.0
,,35.600002,81.0,100.0,23.0
,,35.600002,80.0,100.0,30.0
,,35.600002,78.0,100.0,28.0
,,35.600002,77.0,100.0,37.0
,,35.600002,77.0,100.0,37.0
,,35.600002,77.0,100.0,26.0
,,35.600002,78.0,100.0,21.0
,,35.600002,79.0,100.0,19.0
,,35.600002,79.0,100.0,19.0
,,35.600002,79.0,100.0,18.0
,,35.600002,78.0,99.0,17.0
,,35.600002,75.0,99.0,16.0
,,35.600002,70.0,99.0,23.0
,,35.600002,66.0,99.0,23.0
,,35.600002,64.0,99.0,30.0
,,35.600002,65.0,99.0,30.0
,,35.600002,66.0,99.0,29.0
,,35.600002,67.0,99.0,36.0
,,35.600002,67.0,99.0,32.0
,,35.600002,69.0,99.0,26.0
,,35.600002,73.0,99.0,24.0
,,35.600002,76.0,99.0,18.0
,,35.600002,81.0,100.0,18.0
,,35.600002,79.0,100.0,17.0
,,35.600002,78.0,100.0,15.0
,,35.600002,77.0,100.0,15.0
,,35.600002,81.0,100.0,15.0
,,35.600002,83.0,100.0,12.0
,,35.600002,82.0,100.0,14.0
,,35.600002,83.0,100.0,16.0
,,35.600002,85.0,100.0,16.0
,,35.600002,88.0,100.0,17.0
,,35.600002,88.0,100.0,20.0
,,35.600002,88.0,100.0,20.0
,,35.600002,88.0,100.0,17.0
,,35.600002,89.0,100.0,17.0
,,35.600002,90.0,100.0,16.0
,,35.600002,91.0,99.0,14.0
,,35.600002,91.0,99.0,14.0
,,35.600002,91.0,99.0,15.0
,,35.600002,88.0,99.0,14.0
,,35.600002,86.0,99.0,14.0
,,35.600002,86.0,99.0,14.0
,,35.600002,89.0,99.0,17.0
,,35.600002,88.0,99.0,16.0
,,35.600002,88.0,99.0,16.0
,,35.600002,86.0,99.0,20.0
,,35.600002,79.0,99.0,20.0
,,35.600002,75.0,99.0,21.0
,,35.600002,73.0,99.0,25.0
,,35.600002,78.0,99.0,26.0
,,35.600002,83.0,99.0,23.0
,,35.600002,87.0,99.0,20.0
,,35.600002,89.0,100.0,18.0
,,35.600002,89.0,100.0,17.0
,,35.600002,89.0,100.0,17.0
,,35.600002,89.0,100.0,15.0
,,35.600002,87.0,100.0,14.0
,,35.600002,87.0,99.0,18.0
,,35.600002,87.0,99.0,17.0
,,35.600002,88.0,99.0,17.0
,,35.600002,88.0,99.0,16.0
,,35.600002,86.0,99.0,15.0
,,35.600002,85.0,99.0,15.0
,,35.600002,86.0,99.0,17.0
,,35.600002,87.0,99.0,17.0
,,35.600002,87.0,99.0,17.0
,,35.600002,86.0,99.0,17.0
,,35.600002,87.0,99.0,18.0
,,35.600002,88.0,99.0,15.0
,,35.600002,88.0,99.0,15.0
,,35.600002,87.0,99.0,16.0
,,35.600002,80.0,99.0,16.0
,,35.600002,76.0,99.0,14.0
,,35.600002,76.0,99.0,14.0
,,35.600002,81.0,99.0,14.0
,,35.600002,84.0,99.0,14.0
,,35.600002,85.0,99.0,16.0
,,35.600002,86.0,99.0,16.0
,,35.600002,87.0,99.0,14.0
,,35.600002,87.0,99.0,14.0
,,35.600002,88.0,99.0,13.0
,,35.600002,88.0,99.0,13.0
,,35.600002,88.0,99.0,13.0
,,35.600002,88.0,99.0,12.0
,,35.600002,88.0,99.0,11.0
,,35.600002,89.0,99.0,11.0
,,35.600002,88.0,99.0,12.0
,,35.600002,88.0,99.0,12.0
,,35.600002,88.0,99.0,11.0
,,35.600002,88.0,99.0,11.0
,,35.600002,89.0,99.0,11.0
,,35.600002,90.0,99.0,11.0
,,35.600002,90.0,99.0,11.0
,,35.600002,90.0,99.0,11.0
,,35.600002,90.0,99.0,11.0
,,35.600002,91.0,99.0,11.0
,,35.600002,91.0,99.0,11.0
,,35.600002,91.0,99.0,11.0
,,35.600002,91.0,99.0,12.0
,,35.600002,91.0,99.0,12.0
,,35.600002,91.0,99.0,12.0
,,35.600002,91.0,99.0,11.0
,,35.600002,91.0,99.0,11.0
,,35.600002,91.0,99.0,11.0
,,35.600002,91.0,99.0,12.0
,,35.600002,90.0,99.0,16.0
,,35.600002,88.0,99.0,23.0
,,35.600002,86.0,99.0,26.0
,,35.600002,87.0,99.0,25.0
,,35.600002,90.0,99.0,23.0
,,35.600002,90.0,99.0,21.0
,,35.600002,90.0,99.0,21.0
,,35.600002,90.0,99.0,16.0
,,35.600002,91.0,99.0,17.0
,,35.600002,91.0,99.0,19.0
,,35.600002,92.0,99.0,19.0
,,35.600002,92.0,99.0,25.0
,,35.600002,92.0,99.0,24.0
,,35.600002,92.0,99.0,21.0
,,35.600002,92.0,99.0,20.0
,,35.600002,92.0,99.0,19.0
,,35.600002,92.0,99.0,19.0
,,35.600002,91.0,99.0,16.0
,,35.600002,90.0,99.0,14.0
,,35.600002,88.0,99.0,14.0
,,35.600002,90.0,99.0,14.0
,,35.600002,91.0,99.0,17.0
,,35.600002,91.0,99.0,17.0
,,35.600002,92.0,99.0,15.0
,,35.600002,92.0,99.0,21.0
,,35.5,92.0,99.0,24.0
,,35.5,92.0,99.0,24.0
,,35.5,91.0,99.0,17.0
,,35.5,92.0,99.0,16.0
,,35.5,91.0,99.0,15.0
,,35.5,88.0,99.0,15.0
,,35.5,86.0,99.0,15.0
,,35.5,85.0,99.0,15.0
,,35.5,83.0,99.0,12.0
,,35.5,81.0,99.0,12.0
,,35.5,80.0,99.0,12.0
,,35.5,84.0,100.0,11.0
,,35.5,86.0,100.0,11.0
,,35.5,87.0,100.0,12.0
,,35.5,87.0,100.0,12.0
,,35.5,88.0,100.0,18.0
,,35.5,88.0,100.0,23.0
,,35.5,89.0,100.0,23.0
,,35.5,89.0,100.0,21.0
,,35.5,89.0,100.0,21.0
,,35.5,88.0,100.0,19.0
,,35.5,89.0,100.0,19.0
,,35.5,89.0,100.0,17.0
,,35.5,90.0,100.0,17.0
,,35.5,90.0,100.0,24.0
,,35.5,90.0,100.0,25.0
,,35.5,91.0,100.0,24.0
,,35.5,90.0,100.0,24.0
,,35.5,90.0,99.0,23.0
,,35.5,90.0,99.0,20.0
,,35.5,91.0,99.0,17.0
,,35.5,91.0,99.0,17.0
,,35.5,91.0,99.0,16.0
,,35.5,91.0,99.0,15.0
,,35.5,91.0,99.0,14.0
,,35.5,90.0,99.0,14.0
,,35.5,91.0,99.0,13.0
,,35.5,91.0,99.0,13.0
,,35.5,91.0,99.0,13.0
,,35.5,91.0,99.0,13.0
,,35.5,91.0,99.0,12.0
,,35.5,92.0,99.0,15.0
,,35.5,92.0,99.0,15.0
,,35.5,92.0,99.0,16.0
,,35.5,92.0,99.0,16.0
,,35.5,91.0,99.0,16.0
,,35.5,90.0,99.0,16.0
,,35.5,90.0,99.0,16.0
,,35.5,90.0,99.0,15.0
,,35.5,90.0,99.0,14.0
,,35.5,90.0,99.0,14.0
,,35.5,90.0,99.0,12.0
,,35.5,90.0,99.0,12.0
,,35.5,90.0,99.0,11.0
,,35.5,90.0,99.0,13.0
,,35.5,90.0,99.0,17.0
,,35.5,90.0,99.0,17.0
,,35.5,90.0,99.0,16.0
,,35.5,90.0,99.0,15.0
,,35.5,91.0,99.0,15.0
,,35.5,91.0,99.0,16.0
,,35.5,91.0,99.0,16.0
,,35.5,91.0,99.0,16.0
,,35.5,91.0,99.0,13.0
,,35.5,91.0,99.0,13.0
,,35.5,91.0,99.0,13.0
,,35.5,91.0,99.0,11.0
,,35.5,91.0,99.0,11.0
,,35.5,92.0,99.0,11.0
,,35.5,92.0,99.0,11.0
,,35.5,92.0,99.0,11.0
,,35.5,92.0,99.0,12.0
,,35.5,92.0,99.0,12.0
,,35.5,92.0,99.0,11.0
,,35.5,91.0,99.0,11.0
,,35.5,91.0,99.0,12.0
,,35.5,91.0,99.0,20.0
,,35.5,92.0,99.0,20.0
,,35.5,92.0,99.0,27.0
,,35.5,91.0,99.0,33.0
,,35.5,91.0,99.0,27.0
,,35.5,90.0,99.0,25.0
,,35.5,91.0,99.0,19.0
,,35.5,91.0,99.0,17.0
,,35.5,91.0,99.0,17.0
,,35.5,90.0,99.0,15.0
,,35.5,89.0,99.0,14.0
,,35.5,88.0,99.0,14.0
,,35.5,90.0,99.0,12.0
,,35.5,91.0,100.0,12.0
,,35.5,92.0,100.0,12.0
,,35.5,92.0,100.0,11.0
,,35.5,90.0,100.0,13.0
,,35.5,86.0,100.0,17.0
,,35.5,85.0,100.0,17.0
,,35.5,87.0,100.0,15.0
,,35.5,89.0,100.0,15.0
,,35.5,90.0,100.0,15.0
,,35.5,90.0,100.0,16.0
,,35.5,90.0,100.0,16.0
,,35.5,90.0,100.0,16.0
,,35.5,89.0,100.0,14.0
,,35.5,87.0,100.0,14.0
,,35.5,81.0,100.0,12.0
,,35.5,79.0,100.0,14.0
,,35.5,82.0,100.0,17.0
,,35.5,86.0,100.0,21.0
,,35.5,88.0,100.0,21.0
,,35.5,88.0,100.0,24.0
,,35.5,86.0,100.0,24.0
,,35.5,84.0,100.0,19.0
,,35.5,82.0,100.0,19.0
,,35.5,81.0,100.0,17.0
,,35.5,82.0,100.0,15.0
,,35.5,85.0,100.0,19.0
,,35.5,86.0,100.0,22.0
,,35.5,87.0,100.0,22.0
,,35.5,88.0,100.0,26.0
,,35.5,88.0,100.0,22.0
,,35.5,88.0,100.0,19.0
,,35.5,88.0,100.0,17.0
,,35.5,88.0,100.0,16.0
,,35.5,89.0,100.0,16.0
,,35.5,89.0,100.0,13.0
,,35.5,89.0,100.0,13.0
,,35.5,90.0,100.0,12.0
,,35.5,90.0,100.0,11.0
,,35.5,90.0,100.0,11.0
,,35.5,90.0,100.0,12.0
,,35.5,90.0,100.0,12.0
,,35.5,90.0,100.0,12.0
,,35.5,90.0,100.0,11.0
,,35.5,90.0,100.0,11.0
,,35.5,90.0,100.0,11.0
,,35.5,90.0,100.0,11.0
,,35.5,90.0,100.0,11.0
,,35.5,90.0,100.0,12.0
,,35.5,90.0,100.0,12.0
,,35.5,90.0,100.0,12.0
,,35.5,90.0,100.0,11.0
,,35.5,90.0,100.0,11.0
,,35.5,90.0,100.0,11.0
,,35.5,90.0,100.0,11.0
,,35.5,90.0,100.0,12.0
,,35.5,90.0,100.0,12.0
,,35.5,90.0,100.0,12.0
,,35.5,90.0,100.0,11.0
,,35.5,90.0,99.0,11.0
,,35.5,90.0,99.0,12.0
,,35.5,90.0,99.0,12.0
,,35.5,91.0,99.0,12.0
,,35.5,91.0,99.0,12.0
,,35.5,91.0,99.0,12.0
,,35.5,91.0,99.0,12.0
,,35.5,91.0,99.0,12.0
,,35.5,91.0,99.0,12.0
,,35.5,91.0,99.0,12.0
,,35.5,91.0,99.0,12.0
,,35.5,91.0,99.0,11.0
,,35.5,92.0,99.0,11.0
,,35.5,92.0,99.0,11.0
,,35.5,92.0,100.0,14.0
,,35.5,91.0,100.0,14.0
,,35.5,91.0,100.0,15.0
,,35.5,91.0,100.0,15.0
,,35.5,91.0,100.0,15.0
,,35.5,91.0,100.0,15.0
,,35.5,91.0,100.0,15.0
,,35.5,90.0,100.0,15.0
,,35.5,90.0,100.0,15.0
,,35.5,90.0,100.0,12.0
,,35.5,90.0,100.0,12.0
,,35.5,90.0,100.0,12.0
,,35.5,89.0,100.0,12.0
,,35.5,89.0,100.0,12.0
,,35.5,90.0,100.0,12.0
,,35.5,90.0,100.0,11.0
,,35.5,90.0,100.0,11.0
,,35.5,90.0,100.0,11.0
,,35.5,89.0,100.0,11.0
,,35.5,89.0,100.0,11.0
,,35.5,89.0,100.0,11.0
,,35.5,89.0,100.0,11.0
,,35.5,89.0,100.0,12.0
,,35.5,89.0,100.0,16.0
,,35.5,89.0,100.0,16.0
,,35.5,87.0,100.0,17.0
,,35.5,85.0,100.0,21.0
,,35.5,85.0,100.0,23.0
,,35.5,85.0,100.0,23.0
,,35.5,86.0,100.0,24.0
,,35.5,87.0,100.0,24.0
,,35.5,87.0,100.0,20.0
,,35.5,87.0,100.0,17.0
,,35.5,86.0,100.0,17.0
,,35.5,85.0,100.0,16.0
,,35.5,84.0,100.0,16.0
,,35.5,83.0,100.0,16.0
,,35.5,82.0,100.0,16.0
,,35.5,84.0,100.0,21.0
,,35.5,86.0,100.0,24.0
,,35.5,87.0,100.0,22.0
,,35.5,87.0,100.0,18.0
,,35.5,87.0,100.0,17.0
,,35.5,87.0,100.0,16.0
,,35.5,87.0,100.0,16.0
,,35.5,87.0,100.0,15.0
,,35.5,85.0,100.0,15.0
,,35.5,85.0,100.0,12.0
,,35.5,84.0,100.0,12.0
,,35.5,82.0,100.0,11.0
,,35.5,81.0,100.0,11.0
,,35.5,79.0,100.0,15.0
,,35.5,81.0,100.0,16.0
,,35.5,82.0,100.0,32.0
,,35.5,84.0,100.0,32.0
,,35.5,85.0,100.0,23.0
,,35.5,86.0,100.0,24.0
,,35.5,86.0,100.0,23.0
,,35.5,85.0,100.0,20.0
,,35.5,85.0,100.0,17.0
,,35.5,85.0,100.0,17.0
,,35.5,85.0,100.0,14.0
,,35.5,83.0,100.0,13.0
,,35.5,81.0,100.0,13.0
,,35.5,80.0,100.0,13.0
,,35.5,80.0,100.0,13.0
,,35.5,83.0,100.0,12.0
,,35.5,84.0,100.0,11.0
,,35.5,84.0,100.0,11.0
,,35.5,84.0,100.0,11.0
,,35.5,84.0,100.0,11.0
,,35.5,84.0,100.0,11.0
,,35.5,85.0,100.0,11.0
,,35.5,86.0,100.0,11.0
,,35.5,86.0,100.0,11.0
,,35.5,86.0,100.0,11.0
,,35.5,86.0,100.0,11.0
,,35.5,86.0,100.0,12.0
,,35.5,86.0,100.0,12.0
,,35.5,87.0,100.0,12.0
,,35.5,87.0,100.0,11.0
,,35.5,87.0,100.0,11.0
,,35.5,87.0,100.0,11.0
,,35.5,87.0,100.0,12.0
,,35.5,87.0,100.0,12.0
,,35.5,87.0,100.0,11.0
,,35.5,86.0,100.0,11.0
,,35.5,85.0,100.0,12.0
,,35.5,85.0,100.0,15.0
,,35.5,86.0,99.0,15.0
,,35.5,87.0,99.0,16.0
,,35.5,87.0,99.0,16.0
,,35.5,87.0,99.0,17.0
,,35.5,88.0,99.0,16.0
,,35.5,88.0,99.0,16.0
,,35.5,88.0,100.0,15.0
,,35.5,88.0,100.0,13.0
,,35.5,88.0,100.0,12.0
,,35.5,88.0,99.0,12.0
,,35.5,88.0,99.0,12.0
,,35.5,88.0,99.0,12.0
,,35.5,88.0,99.0,12.0
,,35.5,89.0,99.0,12.0
,,35.5,89.0,99.0,11.0
,,35.5,89.0,99.0,11.0
,,35.5,88.0,99.0,11.0
,,35.5,88.0,99.0,11.0
,,35.5,88.0,99.0,11.0
,,35.5,87.0,99.0,11.0
,,35.5,87.0,99.0,11.0
,,35.5,87.0,99.0,11.0
,,35.5,87.0,99.0,11.0
,,35.5,87.0,99.0,11.0
,,35.5,87.0,99.0,12.0
,,35.5,87.0,99.0,11.0
,,35.5,87.0,99.0,11.0
,,35.5,87.0,99.0,11.0
,,35.5,86.0,99.0,12.0
,,35.5,85.0,99.0,12.0
,,35.5,84.0,99.0,12.0
,,35.5,85.0,99.0,14.0
,,35.5,86.0,99.0,14.0
,,35.5,85.0,99.0,14.0
,,35.5,83.0,99.0,16.0
,,35.5,81.0,99.0,16.0
,,35.5,81.0,99.0,16.0
,,35.5,83.0,99.0,17.0
,,35.5,84.0,99.0,15.0
,,35.5,85.0,99.0,15.0
,,35.5,84.0,99.0,15.0
,,35.5,83.0,99.0,13.0
,,35.5,82.0,99.0,13.0
,,35.5,82.0,99.0,12.0
,,35.5,83.0,99.0,11.0
,,35.5,84.0,99.0,11.0
,,35.5,84.0,100.0,11.0
,,35.5,85.0,100.0,11.0
,,35.5,85.0,100.0,11.0
,,35.5,86.0,100.0,11.0
,,35.5,86.0,100.0,12.0
,,35.5,86.0,100.0,17.0
,,35.5,86.0,100.0,17.0
,,35.5,86.0,100.0,16.0
,,35.5,85.0,100.0,15.0
,,35.5,85.0,100.0,15.0
,,35.5,84.0,100.0,16.0
,,35.5,85.0,100.0,16.0
,,35.5,85.0,99.0,14.0
,,35.5,85.0,100.0,14.0
,,35.5,86.0,100.0,12.0
,,35.5,86.0,100.0,11.0
,,35.5,86.0,99.0,11.0
,,35.5,86.0,100.0,12.0
,,35.5,86.0,99.0,12.0
,,35.5,86.0,99.0,12.0
,,35.5,86.0,99.0,11.0
,,35.5,86.0,99.0,11.0
,,35.5,86.0,99.0,11.0
,,35.5,86.0,99.0,11.0
,,35.5,86.0,99.0,11.0
,,35.5,86.0,99.0,12.0
,,35.5,86.0,99.0,12.0
,,35.5,85.0,99.0,12.0
,,35.5,85.0,99.0,11.0
,,35.5,85.0,99.0,11.0
,,35.5,86.0,99.0,11.0
,,35.5,86.0,99.0,11.0
,,35.5,86.0,99.0,11.0
,,35.5,86.0,99.0,11.0
,,35.5,86.0,99.0,11.0
,,35.5,86.0,99.0,11.0
,,35.5,86.0,99.0,11.0
,,35.5,86.0,99.0,12.0
,,35.5,85.0,99.0,12.0
,,35.5,85.0,99.0,12.0
,,35.5,85.0,99.0,12.0
,,35.5,86.0,99.0,12.0
,,35.5,86.0,99.0,12.0
,,35.5,86.0,99.0,12.0
,,35.5,86.0,99.0,12.0
,,35.5,86.0,99.0,11.0
,,35.5,86.0,99.0,11.0
,,35.5,86.0,99.0,11.0
,,35.5,86.0,99.0,11.0
,,35.5,86.0,99.0,11.0
,,35.5,86.0,99.0,11.0
,,35.5,87.0,99.0,11.0
,,35.5,87.0,99.0,11.0
,,35.5,87.0,99.0,11.0
,,35.5,87.0,99.0,12.0
,,35.5,87.0,99.0,12.0
,,35.5,87.0,99.0,12.0
,,35.5,87.0,99.0,12.0
,,35.5,87.0,99.0,12.0
,,35.5,87.0,99.0,12.0
,,35.5,87.0,99.0,12.0
,,35.5,87.0,99.0,12.0
,,35.5,87.0,99.0,12.0
,,35.5,87.0,99.0,12.0
,,35.5,87.0,99.0,12.0
,,35.5,87.0,99.0,11.0
,,35.5,87.0,99.0,11.0
,,35.5,87.0,99.0,11.0
,,35.5,87.0,99.0,11.0
,,35.5,87.0,99.0,11.0
,,35.5,88.0,99.0,11.0
,,35.5,88.0,99.0,11.0
,,35.5,88.0,99.0,12.0
,,35.5,88.0,99.0,12.0
,,35.5,88.0,99.0,12.0
,,35.5,88.0,99.0,11.0
,,35.5,88.0,99.0,11.0
,,35.5,88.0,99.0,11.0
,,35.5,88.0,99.0,12.0
,,35.5,88.0,99.0,12.0
,,35.5,88.0,99.0,11.0
,,35.5,88.0,99.0,11.0
,,35.5,88.0,99.0,12.0
,,35.5,87.0,99.0,12.0
,,35.5,87.0,99.0,12.0
,,35.5,87.0,99.0,12.0
,,35.5,88.0,99.0,12.0
,,35.5,88.0,99.0,12.0
,,35.5,88.0,99.0,12.0
,,35.5,88.0,99.0,13.0
,,35.5,88.0,99.0,13.0
,,35.5,89.0,99.0,13.0
,,35.5,89.0,99.0,12.0
,,35.5,89.0,99.0,12.0
,,35.5,89.0,99.0,12.0
,,35.5,89.0,99.0,12.0
,,35.5,89.0,99.0,12.0
,,35.5,89.0,99.0,12.0
,,35.5,89.0,99.0,12.0
,,35.5,89.0,99.0,11.0
,,35.5,89.0,99.0,11.0
,,35.5,89.0,99.0,11.0
,,35.5,89.0,99.0,11.0
,,35.600002,89.0,99.0,11.0
,,35.600002,89.0,99.0,12.0
,,35.600002,89.0,99.0,11.0
,,35.600002,89.0,99.0,11.0
,,35.600002,89.0,99.0,12.0
,,35.600002,89.0,99.0,12.0
,,35.600002,89.0,99.0,11.0
,,35.600002,89.0,99.0,11.0
,,35.600002,89.0,99.0,12.0
,,35.600002,89.0,99.0,12.0
,,35.600002,89.0,99.0,12.0
,,35.600002,89.0,99.0,11.0
,,35.600002,89.0,99.0,11.0
,,35.600002,90.0,99.0,11.0
,,35.600002,89.0,99.0,11.0
,,35.600002,89.0,99.0,11.0
,,35.600002,89.0,99.0,12.0
,,35.600002,89.0,99.0,12.0
,,35.600002,89.0,99.0,12.0
,,35.600002,89.0,99.0,11.0
,,35.600002,89.0,99.0,11.0
,,35.600002,90.0,99.0,11.0
,,35.600002,90.0,99.0,11.0
,,35.600002,90.0,99.0,11.0
,,35.600002,90.0,99.0,12.0
,,35.600002,90.0,99.0,12.0
,,35.600002,89.0,99.0,12.0
,,35.600002,89.0,99.0,12.0
,,35.600002,89.0,99.0,12.0
,,35.600002,89.0,99.0,11.0
,,35.5,89.0,99.0,11.0
,,35.5,89.0,99.0,12.0
,,35.5,89.0,99.0,12.0
,,35.5,89.0,99.0,12.0
,,35.5,90.0,99.0,11.0
,,35.5,90.0,99.0,11.0
,,35.5,90.0,99.0,11.0
,,35.5,90.0,99.0,11.0
,,35.5,90.0,99.0,11.0
,,35.5,90.0,99.0,12.0
,,35.5,90.0,99.0,12.0
,,35.5,90.0,99.0,11.0
,,35.5,90.0,99.0,11.0
,,35.5,90.0,99.0,11.0
,,35.5,90.0,100.0,12.0
,,35.5,90.0,99.0,12.0
,,35.5,90.0,99.0,12.0
,,35.5,90.0,99.0,12.0
,,35.5,90.0,99.0,12.0
,,35.5,90.0,99.0,12.0
,,35.5,90.0,99.0,12.0
,,35.5,90.0,99.0,12.0
,,35.5,90.0,99.0,12.0
,,35.5,90.0,99.0,12.0
,,35.5,90.0,99.0,12.0
,,35.5,90.0,99.0,12.0
,,35.5,89.0,99.0,11.0
,,35.5,89.0,99.0,11.0
,,35.5,89.0,99.0,11.0
,,35.5,90.0,99.0,11.0
,,35.5,90.0,99.0,11.0
,,35.5,90.0,100.0,11.0
,,35.5,90.0,99.0,12.0
,,35.5,90.0,99.0,12.0
,,35.5,90.0,99.0,11.0
,,35.5,90.0,99.0,11.0
,,35.5,90.0,99.0,12.0
,,35.5,89.0,99.0,12.0
,,35.5,89.0,99.0,12.0
,,35.5,89.0,99.0,12.0
,,35.5,89.0,99.0,12.0
,,35.5,90.0,99.0,11.0
,,35.5,90.0,99.0,11.0
,,35.5,90.0,99.0,11.0
,,35.5,90.0,99.0,11.0
,,35.5,90.0,99.0,12.0
,,35.5,90.0,99.0,12.0
,,35.5,89.0,99.0,11.0
,,35.5,90.0,99.0,11.0
,,35.5,89.0,99.0,12.0
,,35.5,89.0,99.0,12.0
,,35.5,90.0,99.0,12.0
,,35.5,89.0,99.0,12.0
,,35.5,89.0,99.0,12.0
,,35.5,89.0,99.0,12.0
,,35.5,89.0,99.0,12.0
,,35.5,89.0,99.0,12.0
,,35.5,89.0,100.0,11.0
,,35.5,89.0,100.0,11.0
,,35.5,89.0,100.0,11.0
,,35.5,89.0,100.0,11.0
,,35.5,89.0,100.0,12.0
,,35.5,90.0,100.0,12.0
,,35.5,90.0,100.0,12.0
,,35.5,90.0,100.0,11.0
,,35.5,90.0,100.0,11.0
,,35.5,90.0,100.0,12.0
,,35.5,90.0,100.0,12.0
,,35.5,89.0,99.0,12.0
,,35.5,90.0,99.0,11.0
,,35.5,89.0,100.0,11.0
,,35.5,89.0,100.0,12.0
,,35.5,89.0,100.0,12.0
,,35.5,89.0,100.0,12.0
,,35.5,89.0,100.0,12.0
,,35.5,89.0,100.0,11.0
,,35.5,90.0,99.0,12.0
,,35.5,90.0,99.0,12.0
,,35.5,90.0,100.0,12.0
,,35.5,90.0,100.0,11.0
,,35.5,89.0,99.0,11.0
,,35.5,89.0,99.0,11.0
,,35.5,89.0,99.0,11.0
,,35.5,90.0,99.0,11.0
,,35.5,89.0,99.0,12.0
,,35.5,89.0,99.0,12.0
,,35.5,89.0,99.0,12.0
,,35.5,90.0,99.0,11.0
,,35.5,90.0,99.0,11.0
,,35.5,90.0,99.0,12.0
,,35.5,90.0,99.0,12.0
,,35.5,90.0,99.0,12.0
,,35.5,90.0,99.0,12.0
,,35.5,90.0,99.0,12.0
,,35.5,90.0,99.0,12.0
,,35.5,90.0,99.0,12.0
,,35.5,90.0,99.0,12.0
,,35.5,90.0,99.0,12.0
,,35.5,90.0,99.0,12.0
,,35.5,90.0,99.0,11.0
,,35.5,90.0,99.0,11.0
,,35.5,90.0,99.0,11.0
,,35.5,90.0,99.0,11.0
,,35.5,90.0,99.0,11.0
,,35.5,90.0,99.0,11.0
,,35.5,90.0,100.0,11.0
,,35.5,89.0,100.0,12.0
,,35.5,88.0,100.0,12.0
,,35.5,88.0,100.0,12.0
,,35.5,88.0,100.0,12.0
,,35.5,88.0,100.0,12.0
,,35.5,88.0,100.0,12.0
,,35.5,89.0,100.0,11.0
,,35.5,89.0,100.0,11.0
,,35.5,89.0,100.0,11.0
,,35.5,89.0,100.0,11.0
,,35.5,89.0,100.0,11.0
,,35.5,88.0,100.0,11.0
,,35.5,88.0,100.0,11.0
,,35.5,87.0,100.0,11.0
,,35.5,87.0,100.0,11.0
,,35.5,87.0,100.0,11.0
,,35.5,87.0,100.0,12.0
,,35.5,87.0,100.0,12.0
,,35.5,87.0,100.0,11.0
,,35.5,87.0,100.0,11.0
,,35.5,86.0,100.0,12.0
,,35.5,86.0,100.0,12.0
,,35.5,87.0,100.0,12.0
,,35.5,87.0,100.0,12.0
,,35.5,87.0,100.0,12.0
,,35.5,87.0,100.0,12.0
,,35.5,87.0,100.0,11.0
,,35.5,87.0,100.0,11.0
,,35.5,87.0,100.0,11.0
,,35.5,87.0,100.0,11.0
,,35.5,87.0,100.0,11.0
,,35.5,87.0,100.0,12.0
,,35.5,87.0,100.0,12.0
,,35.5,87.0,100.0,11.0
,,35.5,87.0,100.0,11.0
,,35.5,87.0,100.0,11.0
,,35.5,87.0,100.0,12.0
,,35.5,87.0,100.0,12.0
,,35.5,87.0,100.0,12.0
,,35.5,86.0,100.0,12.0
,,35.5,86.0,100.0,12.0
,,35.5,86.0,100.0,11.0
,,35.5,85.0,100.0,11.0
,,35.5,86.0,100.0,11.0
,,35.5,86.0,100.0,11.0
,,35.5,86.0,100.0,11.0
,,35.5,85.0,100.0,11.0
,,35.5,85.0,100.0,11.0
,,35.5,85.0,100.0,11.0
,,35.5,85.0,100.0,11.0
,,35.5,85.0,100.0,11.0
,,35.5,85.0,100.0,11.0
,,35.5,85.0,100.0,11.0
,,35.5,85.0,100.0,12.0
,,35.5,85.0,100.0,12.0
,,35.5,86.0,100.0,12.0
,,35.5,86.0,100.0,12.0
,,35.5,85.0,100.0,12.0
,,35.5,85.0,100.0,12.0
,,35.5,85.0,100.0,11.0
,,35.5,85.0,100.0,11.0
,,35.5,85.0,100.0,11.0
,,35.5,85.0,100.0,11.0
,,35.5,85.0,100.0,12.0
,,35.5,85.0,100.0,12.0
,,35.5,85.0,100.0,12.0
,,35.5,85.0,100.0,11.0
,,35.5,85.0,100.0,11.0
,,35.5,85.0,100.0,11.0
,,35.5,84.0,100.0,12.0
,,35.5,84.0,100.0,12.0
,,35.5,84.0,100.0,12.0
,,35.5,84.0,100.0,12.0
,,35.5,84.0,100.0,12.0
,,35.5,84.0,100.0,11.0
,,35.5,84.0,100.0,11.0
,,35.5,84.0,100.0,11.0
,,35.5,84.0,100.0,11.0
,,35.5,84.0,100.0,12.0
,,35.5,84.0,100.0,12.0
,,35.5,84.0,100.0,12.0
,,35.5,83.0,100.0,11.0
,,35.5,84.0,100.0,11.0
,,35.5,84.0,100.0,11.0
,,35.5,83.0,100.0,12.0
,,35.5,83.0,100.0,12.0
,,35.5,83.0,100.0,11.0
,,35.5,83.0,100.0,11.0
,,35.5,83.0,100.0,11.0
,,35.5,83.0,100.0,11.0
,,35.5,83.0,100.0,12.0
,,35.5,83.0,100.0,12.0
,,35.5,83.0,100.0,12.0
,,35.5,83.0,100.0,11.0
,,35.5,82.0,100.0,11.0
,,35.5,83.0,100.0,11.0
,,35.5,83.0,100.0,12.0
,,35.5,83.0,100.0,12.0
,,35.5,83.0,100.0,12.0
,,35.5,83.0,100.0,12.0
,,35.5,83.0,100.0,11.0
,,35.5,83.0,100.0,11.0
,,35.5,83.0,100.0,11.0
,,35.5,83.0,100.0,12.0
,,35.5,82.0,100.0,12.0
,,35.5,82.0,100.0,11.0
,,35.5,82.0,100.0,11.0
,,35.5,82.0,100.0,11.0
,,35.5,83.0,100.0,11.0
,,35.5,82.0,100.0,11.0
,,35.5,82.0,100.0,11.0
,,35.5,82.0,100.0,11.0
,,35.5,82.0,100.0,11.0
,,35.5,82.0,100.0,11.0
,,35.5,82.0,100.0,11.0
,,35.5,82.0,100.0,11.0
,,35.5,82.0,100.0,11.0
,,35.5,82.0,100.0,11.0
,,35.5,83.0,100.0,11.0
,,35.5,82.0,100.0,12.0
,,35.5,83.0,100.0,12.0
,,35.5,83.0,100.0,12.0
,,35.5,83.0,100.0,12.0
,,35.5,82.0,100.0,12.0
,,35.5,82.0,100.0,12.0
,,35.5,83.0,100.0,12.0
,,35.5,83.0,100.0,11.0
,,35.5,83.0,100.0,11.0
,,35.5,83.0,100.0,11.0
,,35.5,82.0,100.0,11.0
,,35.5,82.0,100.0,11.0
,,35.5,82.0,100.0,11.0
,,35.5,83.0,100.0,11.0
,,35.5,83.0,100.0,11.0
,,35.5,83.0,100.0,11.0
,,35.5,83.0,100.0,11.0
,,35.5,83.0,100.0,12.0
,,35.5,82.0,100.0,12.0
,,35.5,82.0,100.0,12.0
,,35.5,82.0,100.0,12.0
,,35.5,82.0,100.0,12.0
,,35.5,82.0,100.0,11.0
,,35.5,81.0,100.0,11.0
,,35.5,81.0,100.0,11.0
,,35.5,81.0,100.0,11.0
,,35.5,81.0,100.0,11.0
,,35.5,81.0,100.0,11.0
,,35.5,81.0,100.0,11.0
,,35.5,80.0,100.0,12.0
,,35.5,79.0,100.0,12.0
,,35.5,79.0,100.0,12.0
,,35.5,80.0,100.0,11.0
,,35.5,81.0,100.0,11.0
,,35.5,81.0,100.0,11.0
,,35.5,81.0,100.0,11.0
,,35.5,81.0,100.0,11.0
,,35.5,80.0,100.0,11.0
,,35.5,80.0,100.0,11.0
,,35.5,80.0,100.0,11.0
,,35.5,80.0,100.0,11.0
,,35.5,80.0,100.0,11.0
,,35.5,80.0,100.0,12.0
,,35.5,80.0,100.0,12.0
,,35.5,80.0,100.0,12.0
,,35.5,80.0,100.0,12.0
,,35.5,81.0,100.0,12.0
,,35.5,81.0,100.0,11.0
,,35.5,81.0,100.0,11.0
,,35.5,80.0,100.0,11.0
,,35.5,80.0,100.0,11.0
,,35.5,80.0,100.0,12.0
,,35.5,80.0,100.0,12.0
,,35.5,80.0,100.0,12.0
,,35.5,80.0,100.0,11.0
,,35.5,80.0,100.0,11.0
,,35.5,80.0,100.0,11.0
,,35.5,81.0,100.0,12.0
,,35.5,80.0,100.0,12.0
,,35.5,80.0,100.0,12.0
,,35.5,80.0,100.0,12.0
,,35.5,79.0,100.0,12.0
,,35.5,79.0,100.0,11.0
,,35.5,78.0,100.0,11.0
,,35.5,78.0,100.0,11.0
,,35.5,78.0,100.0,11.0
,,35.5,78.0,100.0,12.0
,,35.5,78.0,100.0,12.0
,,35.5,77.0,100.0,13.0
,,35.5,77.0,100.0,12.0
,,35.5,77.0,100.0,11.0
,,35.5,78.0,100.0,11.0
,,35.5,77.0,100.0,12.0
,,35.5,77.0,100.0,12.0
,,35.5,77.0,100.0,12.0
,,35.5,76.0,100.0,12.0
,,35.5,76.0,100.0,11.0
,,35.5,76.0,100.0,11.0
,,35.5,76.0,100.0,11.0
,,35.5,77.0,100.0,12.0
,,35.5,77.0,100.0,12.0
,,35.5,77.0,100.0,12.0
,,35.5,77.0,100.0,12.0
,,35.5,77.0,100.0,12.0
,,35.5,77.0,100.0,12.0
,,35.5,76.0,100.0,12.0
,,35.5,76.0,100.0,11.0
,,35.5,75.0,100.0,11.0
,,35.5,74.0,100.0,11.0
,,35.5,74.0,100.0,12.0
,,35.5,73.0,100.0,12.0
,,35.5,74.0,100.0,12.0
,,35.5,73.0,100.0,11.0
,,35.5,73.0,100.0,11.0
,,35.5,72.0,100.0,11.0
,,35.5,71.0,100.0,11.0
,,35.5,72.0,100.0,11.0
,,35.5,72.0,100.0,12.0
,,35.5,73.0,100.0,12.0
,,35.5,73.0,100.0,11.0
,,35.5,73.0,100.0,11.0
,,35.5,73.0,100.0,11.0
,,35.5,73.0,100.0,11.0
,,35.5,72.0,100.0,11.0
,,35.5,72.0,100.0,11.0
,,35.5,72.0,100.0,11.0
,,35.5,72.0,100.0,11.0
,,35.5,73.0,100.0,11.0
,,35.5,72.0,100.0,11.0
,,35.5,73.0,100.0,12.0
,,35.5,72.0,100.0,12.0
,,35.5,72.0,100.0,12.0
,,35.5,72.0,100.0,12.0
,,35.5,72.0,100.0,12.0
,,35.5,73.0,100.0,11.0
,,35.5,72.0,100.0,11.0
,,35.5,72.0,100.0,11.0
,,35.5,72.0,100.0,12.0
,,35.5,72.0,100.0,12.0
,,35.5,73.0,100.0,11.0
,,35.5,73.0,100.0,11.0
,,35.5,73.0,100.0,11.0
,,35.5,73.0,100.0,12.0
,,35.5,72.0,100.0,12.0
,,35.5,71.0,100.0,12.0
,,35.5,71.0,100.0,12.0
,,35.5,72.0,100.0,12.0
,,35.5,73.0,100.0,11.0
,,35.5,73.0,100.0,11.0
,,35.5,73.0,100.0,12.0
,,35.5,72.0,100.0,12.0
,,35.5,72.0,100.0,12.0
,,35.5,72.0,100.0,11.0
,,35.5,71.0,100.0,11.0
,,35.5,71.0,100.0,11.0
,,35.5,71.0,100.0,11.0
,,35.5,71.0,100.0,13.0
,,35.5,71.0,100.0,13.0
,,35.5,71.0,100.0,13.0
,,35.5,70.0,100.0,12.0
,,35.5,69.0,100.0,11.0
,,35.5,68.0,100.0,12.0
,,35.5,67.0,100.0,12.0
,,35.5,66.0,100.0,12.0
,,35.5,66.0,100.0,12.0
,,35.5,67.0,100.0,12.0
,,35.5,68.0,100.0,12.0
,,35.5,69.0,100.0,11.0
,,35.5,69.0,100.0,11.0
,,35.5,69.0,100.0,11.0
,,35.5,69.0,100.0,11.0
,,35.5,68.0,100.0,11.0
,,35.5,68.0,100.0,11.0
,,35.5,68.0,100.0,11.0
,,35.5,68.0,100.0,11.0
,,35.5,67.0,100.0,11.0
,,35.0,68.0,100.0,11.0
,,,68.0,100.0,11.0
,,,67.0,100.0,11.0
,,,68.0,100.0,11.0
,,,67.0,100.0,12.0
,,,67.0,100.0,12.0
,,,67.0,100.0,12.0
,,,66.0,100.0,12.0
,,,66.0,100.0,12.0
,,,65.0,100.0,12.0
,,,66.0,100.0,12.0
,,,66.0,100.0,12.0
,,,66.0,100.0,12.0
,,,67.0,100.0,12.0
,,,67.0,100.0,12.0
,,,67.0,100.0,12.0
,,,67.0,100.0,12.0
,,,66.0,100.0,12.0
,,,66.0,100.0,11.0
,,,66.0,100.0,11.0
,,,66.0,100.0,11.0
,,,66.0,100.0,11.0
,,,65.0,100.0,11.0
,,,65.0,100.0,12.0
,,,65.0,100.0,15.0
,,,66.0,100.0,15.0
,,,66.0,100.0,15.0
,,,65.0,100.0,15.0
,,,66.0,100.0,16.0
,,,66.0,100.0,16.0
,,,66.0,100.0,15.0
,,,66.0,100.0,14.0
,,,66.0,100.0,14.0
,,,66.0,100.0,12.0
,,,66.0,100.0,12.0
,,,66.0,100.0,12.0
,,,66.0,100.0,12.0
,,,66.0,100.0,12.0
,,,66.0,100.0,12.0
,,,66.0,100.0,12.0
,,,68.0,100.0,12.0
,,,68.0,100.0,11.0
,,,68.0,100.0,11.0
,,,69.0,100.0,11.0
,,,69.0,100.0,11.0
,,,70.0,100.0,11.0
,,,70.0,100.0,11.0
,,,69.0,100.0,11.0
,,,68.0,100.0,12.0
,,,66.0,100.0,12.0
,,,65.0,100.0,12.0
,,,66.0,100.0,11.0
,,,67.0,100.0,11.0
,,,68.0,100.0,12.0
,,,68.0,100.0,12.0
,,,68.0,100.0,12.0
,,,68.0,100.0,12.0
,,,68.0,100.0,12.0
,,,69.0,100.0,12.0
,,,68.0,100.0,11.0
,,,68.0,100.0,11.0
,,,68.0,100.0,11.0
,,,68.0,100.0,11.0
,,,68.0,100.0,11.0
,,,68.0,100.0,11.0
,,,68.0,100.0,12.0
,,,68.0,100.0,12.0
,,,68.0,100.0,12.0
,,,68.0,100.0,12.0
,,,68.0,100.0,11.0
,,,68.0,100.0,11.0
,,,68.0,100.0,12.0
,,,67.0,100.0,12.0
,,,68.0,100.0,11.0
,,,68.0,100.0,11.0
,,,68.0,100.0,11.0
,,,68.0,100.0,11.0
,,,67.0,100.0,11.0
,,,68.0,100.0,12.0
,,,68.0,100.0,12.0
,,,67.0,100.0,12.0
,,,67.0,100.0,12.0
,,,68.0,100.0,12.0
,,,70.0,100.0,12.0
,,,71.0,100.0,12.0
,,,71.0,100.0,12.0
,,,71.0,100.0,11.0
,,,70.0,100.0,11.0
,,,70.0,100.0,11.0
,,,69.0,100.0,11.0
,,,69.0,100.0,11.0
,,,71.0,100.0,11.0
,,,71.0,100.0,11.0
,,,72.0,100.0,11.0
,,,70.0,100.0,11.0
,,,70.0,100.0,11.0
,,,69.0,100.0,11.0
,,,67.0,100.0,11.0
,,,66.0,100.0,11.0
,,,66.0,100.0,12.0
,,,67.0,100.0,12.0
,,,69.0,100.0,11.0
,,,69.0,100.0,11.0
,,,70.0,100.0,11.0
,,,69.0,100.0,12.0
,,,69.0,100.0,12.0
,,,69.0,100.0,12.0
,,,69.0,100.0,12.0
,,,70.0,100.0,11.0
,,,69.0,100.0,11.0
,,,70.0,100.0,11.0
,,,72.0,100.0,12.0
,,,73.0,100.0,12.0
,,,74.0,100.0,12.0
,,,74.0,100.0,12.0
,,,74.0,100.0,12.0
,,,74.0,100.0,11.0
,,,74.0,100.0,11.0
,,,74.0,100.0,11.0
,,,74.0,100.0,11.0
,,,74.0,100.0,11.0
,,,74.0,100.0,11.0
,,,74.0,100.0,11.0
,,,74.0,100.0,11.0
,,,74.0,100.0,11.0
,,,75.0,100.0,11.0
,,,76.0,100.0,12.0
,,,75.0,100.0,12.0
,,,75.0,100.0,11.0
,,,74.0,100.0,14.0
,,,75.0,100.0,25.0
,,,74.0,100.0,41.0
,,,73.0,100.0,34.0
,,,73.0,100.0,40.0
,,,72.0,100.0,35.0
,,,72.0,100.0,37.0
,,,74.0,100.0,42.0
,,,78.0,100.0,46.0
,,,79.0,100.0,40.0
,,,78.0,100.0,33.0
,,,78.0,100.0,29.0
,,,81.0,100.0,23.0
,,,85.0,100.0,21.0
,,,86.0,100.0,22.0
,,,84.0,100.0,20.0
,,,83.0,100.0,17.0
,,,83.0,100.0,16.0
,,,84.0,100.0,17.0
,,,87.0,100.0,19.0
,,,90.0,100.0,19.0
,,,91.0,100.0,16.0
,,,91.0,100.0,16.0
,,,90.0,100.0,17.0
,,,90.0,100.0,16.0
,,,91.0,100.0,16.0
,,,91.0,100.0,15.0
,,,89.0,100.0,15.0
,,,86.0,100.0,13.0
,,,85.0,100.0,12.0
,,,86.0,100.0,13.0
,,,89.0,100.0,13.0
,,,90.0,100.0,13.0
,,,91.0,100.0,12.0
,,,90.0,100.0,11.0
,,,89.0,100.0,10.0
,,,88.0,100.0,10.0
,,,87.0,100.0,10.0
,,,87.0,100.0,9.0
,,,87.0,100.0,9.0
,,,88.0,100.0,9.0
,,,90.0,100.0,10.0
,,,92.0,100.0,10.0
,,,94.0,100.0,10.0
,,,94.0,100.0,12.0
,,,95.0,100.0,12.0
,,,97.0,100.0,17.0
,,,98.0,100.0,17.0
,,,98.0,100.0,17.0
,,,98.0,100.0,17.0
,,,98.0,100.0,14.0
,,,98.0,100.0,12.0
,,,98.0,100.0,12.0
,,,98.0,100.0,14.0
,,,97.0,100.0,16.0
,,,96.0,100.0,15.0
,,,95.0,100.0,14.0
,,,95.0,100.0,13.0
,,,94.0,100.0,13.0
,,,93.0,100.0,14.0
,,,92.0,100.0,13.0
,,,93.0,100.0,12.0
,,,92.0,100.0,12.0
,,,91.0,100.0,12.0
,,,88.0,100.0,10.0
,,,87.0,100.0,8.0
,,,87.0,100.0,8.0
,,,88.0,100.0,8.0
,,,87.0,100.0,7.0
,,,86.0,100.0,7.0
,,,88.0,100.0,9.0
,,,89.0,100.0,9.0
,,,91.0,100.0,9.0
,,,91.0,100.0,11.0
,,,90.0,100.0,20.0
,,,87.0,100.0,18.0
,,,85.0,100.0,17.0
,,,86.0,100.0,15.0
,,,86.0,100.0,15.0
,,,85.0,100.0,15.0
,,,86.0,100.0,15.0
,,,86.0,100.0,15.0
,,,87.0,100.0,14.0
,,,86.0,100.0,14.0
,,,85.0,100.0,14.0
,,,86.0,100.0,14.0
,,,86.0,100.0,15.0
,,,86.0,100.0,15.0
,,,86.0,100.0,14.0
,,,86.0,100.0,14.0
,,,84.0,100.0,15.0
,,,83.0,100.0,15.0
,,,82.0,100.0,15.0
,,,83.0,100.0,15.0
,,,87.0,100.0,14.0
,,,90.0,100.0,15.0
,,,91.0,100.0,15.0
,,,90.0,100.0,15.0
,,,90.0,100.0,15.0
,,,90.0,100.0,15.0
,,,91.0,100.0,14.0
,,,91.0,100.0,14.0
,,,90.0,100.0,15.0
,,,89.0,100.0,15.0
,,,89.0,100.0,14.0
,,,89.0,100.0,14.0
,,,90.0,100.0,14.0
,,,90.0,100.0,14.0
,,,90.0,100.0,15.0
,,,90.0,100.0,15.0
,,,90.0,100.0,15.0
,,,90.0,100.0,15.0
,,,90.0,100.0,15.0
,,,89.0,100.0,15.0
,,,88.0,100.0,15.0
,,,85.0,100.0,16.0
,,,85.0,100.0,16.0
,,,85.0,100.0,15.0
,,,85.0,100.0,14.0
,,,85.0,100.0,14.0
,,,84.0,100.0,14.0
,,,84.0,100.0,14.0
,,,83.0,100.0,15.0
,,,80.0,100.0,15.0
,,,77.0,100.0,14.0
,,,76.0,100.0,15.0
,,,79.0,100.0,15.0
,,,81.0,100.0,15.0
,,,82.0,100.0,14.0
,,,82.0,100.0,14.0
,,,83.0,100.0,14.0
,,,84.0,100.0,14.0
,,,86.0,100.0,14.0
,,,87.0,100.0,14.0
,,,88.0,100.0,16.0
,,,89.0,100.0,15.0
,,,90.0,100.0,15.0
,,,91.0,100.0,14.0
,,,90.0,100.0,13.0
,,,88.0,100.0,12.0
,,,88.0,100.0,11.0
,,,88.0,100.0,10.0
,,,88.0,100.0,9.0
,,,88.0,100.0,8.0
,,,89.0,100.0,8.0
,,,90.0,100.0,7.0
,,,90.0,100.0,0.0
,,,90.0,100.0,0.0
,,,90.0,100.0,0.0
,,,88.0,100.0,0.0
,,,87.0,100.0,0.0
,,,87.0,100.0,0.0
,,,87.0,100.0,0.0
,,,88.0,100.0,0.0
,,,89.0,100.0,0.0
,,,89.0,100.0,5.0
,,,89.0,100.0,5.0
,,,89.0,100.0,5.0
,,,90.0,100.0,5.0
,,,90.0,100.0,5.0
,,,90.0,100.0,5.0
,,,90.0,100.0,4.0
,,,89.0,100.0,4.0
,,,88.0,100.0,4.0
,,,88.0,100.0,5.0
,,,89.0,100.0,5.0
,,,89.0,100.0,11.0
,,,89.0,100.0,23.0
,,,90.0,100.0,23.0
,,,91.0,100.0,21.0
,,,92.0,100.0,21.0
,,,93.0,100.0,19.0
,,,92.0,100.0,19.0
,,,92.0,100.0,15.0
,,,90.0,100.0,15.0
,,,89.0,100.0,15.0
,,,88.0,100.0,16.0
,,,87.0,100.0,19.0
,,,86.0,100.0,24.0
,,,86.0,100.0,33.0
,,,85.0,100.0,42.0
,,,85.0,100.0,41.0
,,,85.0,100.0,41.0
,,,87.0,100.0,41.0
,,,87.0,100.0,41.0
,,,87.0,100.0,40.0
,,,85.0,100.0,43.0
,,,85.0,100.0,42.0
,,,87.0,100.0,42.0
,,,88.0,100.0,39.0
,,,90.0,100.0,38.0
,,,89.0,100.0,34.0
,,,88.0,100.0,32.0
,,,87.0,100.0,33.0
,,,88.0,100.0,33.0
,,,89.0,100.0,36.0
,,,91.0,100.0,28.0
,,,92.0,100.0,25.0
,,,92.0,100.0,21.0
,,,90.0,100.0,18.0
,,,87.0,100.0,16.0
,,,85.0,100.0,16.0
,,,86.0,100.0,14.0
,,,89.0,100.0,12.0
,,,92.0,100.0,11.0
,,,93.0,100.0,10.0
,,,92.0,100.0,9.0
,,,92.0,100.0,8.0
,,,90.0,100.0,8.0
,,,90.0,100.0,7.0
,,,90.0,100.0,7.0
,,,91.0,100.0,7.0
,,,92.0,100.0,7.0
,,,93.0,100.0,7.0
,,,92.0,100.0,6.0
,,,91.0,100.0,6.0
,,,91.0,100.0,6.0
,,,91.0,100.0,6.0
,,,92.0,100.0,6.0
,,,92.0,100.0,6.0
,,,92.0,100.0,6.0
,,,91.0,100.0,10.0
,,,91.0,100.0,10.0
,,,91.0,100.0,10.0
,,,92.0,100.0,10.0
,,,92.0,100.0,11.0
,,,92.0,100.0,11.0
,,,91.0,100.0,15.0
,,,91.0,100.0,15.0
,,,91.0,100.0,15.0
,,,91.0,100.0,15.0
,,,90.0,100.0,14.0
,,,89.0,100.0,14.0
,,,88.0,100.0,14.0
,,,87.0,100.0,15.0
,,,87.0,100.0,15.0
,,,87.0,100.0,15.0
,,,88.0,100.0,15.0
,,,87.0,100.0,15.0
,,,87.0,100.0,15.0
,,,88.0,100.0,15.0
,,,87.0,100.0,15.0
,,,86.0,100.0,14.0
,,,84.0,100.0,14.0
,,,85.0,100.0,15.0
,,,85.0,100.0,15.0
,,,86.0,100.0,15.0
,,,86.0,100.0,15.0
,,,89.0,100.0,15.0
,,,91.0,100.0,14.0
,,,93.0,100.0,14.0
,,,93.0,100.0,13.0
,,,93.0,100.0,13.0
,,,92.0,100.0,13.0
,,,92.0,100.0,12.0
,,,93.0,100.0,14.0
,,,94.0,100.0,14.0
,,,94.0,100.0,14.0
,,,94.0,100.0,12.0
,,,93.0,100.0,12.0
,,,93.0,100.0,13.0
,,,93.0,100.0,11.0
,,,94.0,100.0,10.0
,,,94.0,100.0,9.0
,,,93.0,100.0,9.0
,,,92.0,100.0,9.0
,,,91.0,100.0,9.0
,,,90.0,100.0,9.0
,,,89.0,100.0,9.0
,,,90.0,100.0,8.0
,,,91.0,100.0,8.0
,,,92.0,100.0,8.0
,,,92.0,100.0,8.0
,,,92.0,100.0,12.0
,,,92.0,100.0,13.0
,,,93.0,100.0,16.0
,,,94.0,100.0,16.0
,,,95.0,100.0,16.0
,,,96.0,100.0,20.0
,,,95.0,100.0,17.0
,,,94.0,100.0,14.0
,,,94.0,100.0,12.0
,,,94.0,100.0,11.0
,,,95.0,100.0,10.0
,,,96.0,100.0,10.0
,,,96.0,100.0,10.0
,,,95.0,100.0,10.0
,,,95.0,100.0,8.0
,,,94.0,100.0,8.0
,,,93.0,100.0,8.0
,,,91.0,100.0,19.0
,,,91.0,100.0,26.0
,,,90.0,100.0,30.0
,,,91.0,100.0,32.0
,,,93.0,100.0,32.0
,,,94.0,100.0,41.0
,,,94.0,100.0,40.0
,,,94.0,100.0,41.0
,,,93.0,100.0,45.0
,,,93.0,100.0,46.0
,,,93.0,100.0,30.0
,,,93.0,100.0,24.0
,,,93.0,100.0,20.0
,,,94.0,100.0,18.0
,,,94.0,100.0,18.0
,,,95.0,100.0,15.0
,,,96.0,100.0,14.0
,,,95.0,100.0,14.0
,,,94.0,100.0,11.0
,,,94.0,100.0,11.0
,,,94.0,100.0,10.0
,,,93.0,100.0,21.0
,,,94.0,100.0,21.0
,,,96.0,100.0,21.0
,,,97.0,100.0,21.0
,,,97.0,100.0,25.0
,,,98.0,100.0,24.0
,,,96.0,100.0,19.0
,,,95.0,100.0,19.0
,,,95.0,100.0,14.0
,,,97.0,100.0,12.0
,,,95.0,100.0,11.0
,,,94.0,100.0,11.0
,,,96.0,100.0,10.0
,,,95.0,100.0,12.0
,,,95.0,100.0,12.0
,,,96.0,100.0,12.0
,,,97.0,100.0,10.0
,,,97.0,100.0,10.0
,,,97.0,100.0,17.0
,,,96.0,100.0,17.0
,,,96.0,100.0,17.0
,,,95.0,100.0,22.0
,,,94.0,100.0,18.0
,,,93.0,100.0,20.0
,,,92.0,100.0,22.0
,,,92.0,100.0,22.0
,,,94.0,100.0,18.0
,,,97.0,100.0,23.0
,,,98.0,100.0,23.0
,,,99.0,100.0,23.0
,,,99.0,100.0,20.0
,,,98.0,100.0,21.0
,,,98.0,100.0,30.0
,,,97.0,100.0,30.0
,,,96.0,100.0,24.0
,,,96.0,100.0,26.0
,,,97.0,100.0,27.0
,,,98.0,100.0,30.0
,,,99.0,100.0,29.0
,,,99.0,100.0,22.0
,,,99.0,100.0,19.0
,,,100.0,100.0,18.0
,,,100.0,100.0,20.0
,,,101.0,100.0,20.0
,,,101.0,100.0,17.0
,,,102.0,99.0,15.0
,,,102.0,99.0,14.0
,,,102.0,99.0,19.0
,,,102.0,99.0,17.0
,,,103.0,99.0,17.0
,,,103.0,99.0,17.0
,,,103.0,99.0,17.0
,,,103.0,99.0,19.0
,,,103.0,100.0,18.0
,,,103.0,100.0,50.0
,,,103.0,100.0,60.0
,,,103.0,100.0,40.0
,,,103.0,100.0,36.0
,,,103.0,100.0,27.0
,,,102.0,100.0,24.0
,,,102.0,100.0,21.0
,,,102.0,100.0,19.0
,,,102.0,100.0,19.0
,,,103.0,100.0,31.0
,,,102.0,100.0,30.0
,,,102.0,100.0,27.0
,,,102.0,100.0,27.0
,,,103.0,100.0,22.0
,,,103.0,100.0,20.0
,,,104.0,100.0,19.0
,,,104.0,100.0,20.0
,,,104.0,100.0,21.0
,,,104.0,100.0,28.0
,,,103.0,100.0,28.0
,,,103.0,100.0,25.0
,,,102.0,100.0,25.0
,,,102.0,100.0,24.0
,,,101.0,100.0,24.0
,,,101.0,99.0,24.0
,,,101.0,99.0,23.0
,,,101.0,99.0,26.0
,,,102.0,99.0,26.0
,,,103.0,99.0,27.0
,,,103.0,100.0,28.0
,,,104.0,100.0,28.0
,,,105.0,100.0,28.0
,,,104.0,99.0,25.0
,,,104.0,99.0,23.0
,,,92.0,99.0,23.0
,,,91.0,99.0,24.0
,,,102.0,99.0,29.0
,,,103.0,99.0,32.0
,,,103.0,99.0,30.0
,,,103.0,99.0,31.0
,,,103.0,99.0,29.0
,,,103.0,99.0,33.0
,,,103.0,99.0,27.0
,,,103.0,99.0,27.0
,,,103.0,100.0,24.0
,,,103.0,100.0,24.0
,,,103.0,100.0,23.0
,,,,100.0,19.0
,,,,100.0,20.0
,,,,100.0,24.0
,,,,100.0,26.0
,,,,100.0,27.0
,,,,100.0,27.0
,,,104.0,100.0,26.0
,,,105.0,100.0,26.0
,,,106.0,100.0,33.0
,,,106.0,100.0,42.0
,,,107.0,99.0,34.0
,,,108.0,99.0,27.0
,,,108.0,100.0,25.0
,,,108.0,100.0,20.0
,,,107.0,100.0,17.0
,,,106.0,100.0,17.0
,,,107.0,100.0,17.0
,,,106.0,100.0,14.0
,,,105.0,100.0,14.0
,,,106.0,100.0,13.0
,,,106.0,100.0,14.0
,,,106.0,100.0,18.0
,,,106.0,100.0,30.0
,,,105.0,100.0,34.0
,,,106.0,100.0,34.0
,,,103.0,100.0,36.0
,,,100.0,100.0,33.0
,,,100.0,100.0,32.0
,,,103.0,100.0,32.0
,,,104.0,99.0,22.0
,,,105.0,99.0,23.0
,,,106.0,99.0,23.0
,,,106.0,99.0,22.0
,,,105.0,99.0,22.0
,,,105.0,99.0,33.0
,,,104.0,99.0,40.0
,,,104.0,99.0,38.0
,,,104.0,99.0,36.0
,,,105.0,99.0,31.0
,,,105.0,99.0,32.0
,,,104.0,99.0,34.0
,,,103.0,99.0,34.0
,,,103.0,99.0,36.0
,,,103.0,99.0,37.0
,,,103.0,99.0,34.0
,,,103.0,99.0,33.0
,,,103.0,99.0,29.0
,,,102.0,99.0,30.0
,,,100.0,99.0,43.0
,,,,,
,,,,,
,,,,,
,,,,,
,,,,,
,,,,,
,,,,99.0,
,,,,98.0,
,,,,98.0,
,,,,98.0,
,,,,98.0,
,,,,98.0,
,,,,98.0,
,,,,98.0,
,,,,,
,,,,,
,,,,,
,,,,,
,,,,,
,,,,,
,,,,,
,,,,,
,,,,,
,,,,,
,,,,,
,,,,,
,,,,,
,,,,,
,,,,,
,,,,,
,,,,,
,,,,,
,,,,,
,,,,,
,,,,,
,,,,,
,,,,,
,,,,,
,,,,,
,,,,,
,,,,,
,,,,,
,,,,,
,,,,,
,,,,,
,,,,,
,,,,,
,,,,,
,,,,,
,,,,,
,,,,,
,,,,,
,,,,,
,,,,,
,,,,,
,,,,,
,,,,,
,,,,,
,,,,,
,,,,,
,,,,,
,,,,,
,,,,,
,,,,,
,,,,,
,,,,,
,,,,,
,,,,,
,,,,,
,,,,,
,,,,,
,,,,,
,,,,,
,,,,,
,,,,,
,,,,,
,,,,,
,,,,,
,,,,,
,,,,,
,,,,,
,,,,,
,,,,,
,,,,,
,,,,,
,,,,,
,,,,,
,,,,,
,,,,,
,,,,,
,,,,,
,,,,,
,,,,,
,,,,,
,,,,,
,,,,,
,,,,,
,,,,,
,,,,,
,,,,,
,,,,,
,,,,,
,,,,,
,,,,,
,,,,,
,,,,,
,,,,,
,,,,,
,,,,,
,,,,,
,,,,,
,,,,,
,,,,,
,,,,,
,,,,,
,,,,,
,,,,,
,,,,,
,,,,,
,,,,,
,,,,,
,,,,,
,,,,,
,,,,,
,,,,,
,,,,,
,,,,,
,,,,,
,,,,,
,,,,,
,,,,,
,,,,,
,,,,,
,,,,,
,,,,,
,,,,,
,,,,,
,,,,,
,,,,,
,,,,,
,,,,,
,,,,,
,,,,,
,,,,,
,,,,,
,,,,,
,,,,,
,,,,,
,,,,,
,,,,,
,,,,,
,,,,,
,,,,,
,,,,,
,,,,,
,,,,,
,,,,,
,,,,91.0,
,,,,91.0,
,,,,91.0,
,,,,91.0,
,,,,91.0,
,,,,91.0,
,,,,,
,,,,,
,,,,,
,,,,,
,,,,,
,,,,,
,,,,,
,,,,,
,,,,,
,,,,,
,,,,,
,,,,,
,,,,,
,,,,,
,,,,,
,,,,,
,,,,,
,,,,,
,,,,,
,,,,,
,,,,,
,,,,,
,,,,,
,,,,,
,,,,,
,,,,,
,,,,,
,,,,,
,,,,,
,,,,,
,,,,,
,,,,,
,,,,,
,,,,,
,,,,,
,,,,,
,,,,,
,,,,,
,,,,,
,,,,,
,,,,,
,,,,,
,,,,,
,,,,,
,,,,,
,,,,92.0,
,,,,92.0,
,,,,94.0,
,,,,94.0,
,,,,93.0,
,,,,92.0,
,,,,90.0,
,,,,87.0,
,,,,87.0,
,,,,89.0,
,,,,89.0,
,,,,89.0,
,,,,89.0,
,,,,89.0,
,,,,89.0,
0.0,0.0,,,,
0.0,0.0,,,,
1.0,1.0,,,,
1.0,1.0,,,,
1.0,1.0,,,,
1.0,1.0,,,,
0.0,0.0,,,,
0.0,0.0,,,,
0.0,0.0,,,,
0.0,0.0,,,,
1.0,1.0,,,,
1.0,1.0,,,,
1.0,1.0,,,,
1.0,1.0,,,,
1.0,1.0,,,,
1.0,1.0,,,,
1.0,1.0,,,,
1.0,1.0,,,,
1.0,1.0,,,,
1.0,1.0,,,,
1.0,1.0,,,,
1.0,1.0,,,,
1.0,1.0,,,,
1.0,1.0,,,,
1.0,1.0,,,,
1.0,1.0,,,,
1.0,1.0,,,,
1.0,1.0,,,,
1.0,1.0,,,,
1.0,1.0,,,,
0.0,0.0,,,,
0.0,0.0,,,,
0.0,0.0,,,,
0.0,0.0,,,,
1.0,1.0,,,,
1.0,1.0,,,,
0.0,0.0,,,,
0.0,0.0,,,,
0.0,0.0,,,,
0.0,0.0,,,,
1.0,1.0,,,,
1.0,1.0,,,,
1.0,1.0,,,,
1.0,1.0,,,,
1.0,1.0,,,,
1.0,1.0,,,,
1.0,1.0,,,,
1.0,1.0,,,,
1.0,1.0,,,,
1.0,1.0,,,,
1.0,1.0,,,,
1.0,1.0,,,,
1.0,1.0,,,,
1.0,1.0,,,,
1.0,1.0,,,,
1.0,1.0,,,,
1.0,1.0,,,,
1.0,1.0,,,,
1.0,1.0,,,,
1.0,1.0,,,,
1.0,1.0,,,,
1.0,1.0,,,,
1.0,1.0,,,,
1.0,1.0,,,,
1.0,1.0,,,,
1.0,1.0,,,,
1.0,1.0,,,,
1.0,1.0,,,,
1.0,1.0,,,,
1.0,1.0,,,,
1.0,1.0,,,,
1.0,1.0,,,,
1.0,1.0,,,,
1.0,1.0,,,,
1.0,1.0,,,,
1.0,1.0,,,,
1.0,1.0,,,,
